Contract,C/P,TTM,Strike,OI,Volume,Liquitity
CAO,買權,202204,100.0,0,0,nan
CAO,買權,202204,105.0,0,0,nan
CAO,買權,202204,110.0,0,0,nan
CAO,買權,202204,72.5,0,0,nan
CAO,買權,202204,75.0,0,0,nan
CAO,買權,202204,77.5,0,0,nan
CAO,買權,202204,80.0,0,0,nan
CAO,買權,202204,82.5,0,0,nan
CAO,買權,202204,85.0,0,0,nan
CAO,買權,202204,87.5,0,0,nan
CAO,買權,202204,90.0,0,0,nan
CAO,買權,202204,92.5,0,0,nan
CAO,買權,202204,95.0,0,0,nan
CAO,買權,202204,97.5,0,0,nan
CAO,賣權,202204,100.0,0,0,nan
CAO,賣權,202204,105.0,0,0,nan
CAO,賣權,202204,110.0,0,0,nan
CAO,賣權,202204,72.5,0,0,nan
CAO,賣權,202204,75.0,0,0,nan
CAO,賣權,202204,77.5,0,0,nan
CAO,賣權,202204,80.0,0,0,nan
CAO,賣權,202204,82.5,0,0,nan
CAO,賣權,202204,85.0,0,0,nan
CAO,賣權,202204,87.5,0,0,nan
CAO,賣權,202204,90.0,0,0,nan
CAO,賣權,202204,92.5,0,0,nan
CAO,賣權,202204,95.0,0,0,nan
CAO,賣權,202204,97.5,0,0,nan
CAO,買權,202205,100.0,0,0,nan
CAO,買權,202205,105.0,0,0,nan
CAO,買權,202205,110.0,0,0,nan
CAO,買權,202205,77.5,0,0,nan
CAO,買權,202205,80.0,0,0,nan
CAO,買權,202205,82.5,0,0,nan
CAO,買權,202205,85.0,0,0,nan
CAO,買權,202205,87.5,0,0,nan
CAO,買權,202205,90.0,0,0,nan
CAO,買權,202205,92.5,0,0,nan
CAO,買權,202205,95.0,0,0,nan
CAO,買權,202205,97.5,0,0,nan
CAO,賣權,202205,100.0,0,0,nan
CAO,賣權,202205,105.0,0,0,nan
CAO,賣權,202205,110.0,0,0,nan
CAO,賣權,202205,77.5,0,0,nan
CAO,賣權,202205,80.0,0,0,nan
CAO,賣權,202205,82.5,0,0,nan
CAO,賣權,202205,85.0,0,0,nan
CAO,賣權,202205,87.5,0,0,nan
CAO,賣權,202205,90.0,0,0,nan
CAO,賣權,202205,92.5,0,0,nan
CAO,賣權,202205,95.0,0,0,nan
CAO,賣權,202205,97.5,0,0,nan
CAO,買權,202206,100.0,0,0,nan
CAO,買權,202206,110.0,0,0,nan
CAO,買權,202206,65.0,0,0,nan
CAO,買權,202206,70.0,0,0,nan
CAO,買權,202206,75.0,0,0,nan
CAO,買權,202206,80.0,0,0,nan
CAO,買權,202206,85.0,0,0,nan
CAO,買權,202206,90.0,0,0,nan
CAO,買權,202206,95.0,0,0,nan
CAO,賣權,202206,100.0,0,0,nan
CAO,賣權,202206,110.0,0,0,nan
CAO,賣權,202206,65.0,0,0,nan
CAO,賣權,202206,70.0,0,0,nan
CAO,賣權,202206,75.0,0,0,nan
CAO,賣權,202206,80.0,0,0,nan
CAO,賣權,202206,85.0,0,0,nan
CAO,賣權,202206,90.0,0,0,nan
CAO,賣權,202206,95.0,0,0,nan
CAO,買權,202209,100.0,0,0,nan
CAO,買權,202209,110.0,0,0,nan
CAO,買權,202209,70.0,0,0,nan
CAO,買權,202209,75.0,0,0,nan
CAO,買權,202209,80.0,0,0,nan
CAO,買權,202209,85.0,0,0,nan
CAO,買權,202209,90.0,0,0,nan
CAO,買權,202209,95.0,0,0,nan
CAO,賣權,202209,100.0,0,0,nan
CAO,賣權,202209,110.0,0,0,nan
CAO,賣權,202209,70.0,0,0,nan
CAO,賣權,202209,75.0,0,0,nan
CAO,賣權,202209,80.0,0,0,nan
CAO,賣權,202209,85.0,0,0,nan
CAO,賣權,202209,90.0,0,0,nan
CAO,賣權,202209,95.0,0,0,nan
CBO,買權,202204,29.0,0,0,nan
CBO,買權,202204,30.0,0,0,nan
CBO,買權,202204,31.0,0,0,nan
CBO,買權,202204,32.0,0,0,nan
CBO,買權,202204,33.0,0,0,nan
CBO,買權,202204,34.0,0,0,nan
CBO,買權,202204,35.0,0,0,nan
CBO,買權,202204,36.0,0,0,nan
CBO,買權,202204,37.0,0,0,nan
CBO,買權,202204,38.0,0,0,nan
CBO,買權,202204,39.0,4,0,9999.99
CBO,買權,202204,40.0,0,0,nan
CBO,買權,202204,41.0,0,0,nan
CBO,買權,202204,42.0,0,0,nan
CBO,買權,202204,43.0,0,0,nan
CBO,買權,202204,44.0,0,0,nan
CBO,買權,202204,45.0,0,0,nan
CBO,賣權,202204,29.0,0,0,nan
CBO,賣權,202204,30.0,0,0,nan
CBO,賣權,202204,31.0,0,0,nan
CBO,賣權,202204,32.0,0,0,nan
CBO,賣權,202204,33.0,0,0,nan
CBO,賣權,202204,34.0,0,0,nan
CBO,賣權,202204,35.0,0,0,nan
CBO,賣權,202204,36.0,0,0,nan
CBO,賣權,202204,37.0,0,0,nan
CBO,賣權,202204,38.0,0,0,nan
CBO,賣權,202204,39.0,0,0,nan
CBO,賣權,202204,40.0,0,0,nan
CBO,賣權,202204,41.0,0,0,nan
CBO,賣權,202204,42.0,0,0,nan
CBO,賣權,202204,43.0,0,0,nan
CBO,賣權,202204,44.0,0,0,nan
CBO,賣權,202204,45.0,0,0,nan
CBO,買權,202205,32.0,0,0,nan
CBO,買權,202205,33.0,0,0,nan
CBO,買權,202205,34.0,0,0,nan
CBO,買權,202205,35.0,0,0,nan
CBO,買權,202205,36.0,0,0,nan
CBO,買權,202205,37.0,0,0,nan
CBO,買權,202205,38.0,0,0,nan
CBO,買權,202205,39.0,0,0,nan
CBO,買權,202205,40.0,0,0,nan
CBO,買權,202205,41.0,0,0,nan
CBO,買權,202205,42.0,0,0,nan
CBO,買權,202205,43.0,0,0,nan
CBO,買權,202205,44.0,0,0,nan
CBO,買權,202205,45.0,0,0,nan
CBO,賣權,202205,32.0,0,0,nan
CBO,賣權,202205,33.0,0,0,nan
CBO,賣權,202205,34.0,0,0,nan
CBO,賣權,202205,35.0,0,0,nan
CBO,賣權,202205,36.0,0,0,nan
CBO,賣權,202205,37.0,0,0,nan
CBO,賣權,202205,38.0,0,0,nan
CBO,賣權,202205,39.0,0,0,nan
CBO,賣權,202205,40.0,0,0,nan
CBO,賣權,202205,41.0,0,0,nan
CBO,賣權,202205,42.0,0,0,nan
CBO,賣權,202205,43.0,0,0,nan
CBO,賣權,202205,44.0,0,0,nan
CBO,賣權,202205,45.0,0,0,nan
CBO,買權,202206,26.0,0,0,nan
CBO,買權,202206,28.0,0,0,nan
CBO,買權,202206,30.0,0,0,nan
CBO,買權,202206,32.0,0,0,nan
CBO,買權,202206,34.0,0,0,nan
CBO,買權,202206,36.0,0,0,nan
CBO,買權,202206,38.0,0,0,nan
CBO,買權,202206,40.0,0,0,nan
CBO,買權,202206,42.0,0,0,nan
CBO,買權,202206,44.0,0,0,nan
CBO,買權,202206,46.0,0,0,nan
CBO,買權,202206,48.0,0,0,nan
CBO,賣權,202206,26.0,0,0,nan
CBO,賣權,202206,28.0,0,0,nan
CBO,賣權,202206,30.0,0,0,nan
CBO,賣權,202206,32.0,0,0,nan
CBO,賣權,202206,34.0,0,0,nan
CBO,賣權,202206,36.0,0,0,nan
CBO,賣權,202206,38.0,0,0,nan
CBO,賣權,202206,40.0,0,0,nan
CBO,賣權,202206,42.0,0,0,nan
CBO,賣權,202206,44.0,0,0,nan
CBO,賣權,202206,46.0,0,0,nan
CBO,賣權,202206,48.0,0,0,nan
CBO,買權,202209,26.0,0,0,nan
CBO,買權,202209,28.0,0,0,nan
CBO,買權,202209,30.0,0,0,nan
CBO,買權,202209,32.0,0,0,nan
CBO,買權,202209,34.0,0,0,nan
CBO,買權,202209,36.0,0,0,nan
CBO,買權,202209,38.0,0,0,nan
CBO,買權,202209,40.0,0,0,nan
CBO,賣權,202209,26.0,0,0,nan
CBO,賣權,202209,28.0,0,0,nan
CBO,賣權,202209,30.0,0,0,nan
CBO,賣權,202209,32.0,0,0,nan
CBO,賣權,202209,34.0,0,0,nan
CBO,賣權,202209,36.0,0,0,nan
CBO,賣權,202209,38.0,0,0,nan
CBO,賣權,202209,40.0,0,0,nan
CCO,買權,202204,42.0,0,0,nan
CCO,買權,202204,43.0,0,0,nan
CCO,買權,202204,44.0,0,0,nan
CCO,買權,202204,45.0,0,0,nan
CCO,買權,202204,46.0,0,0,nan
CCO,買權,202204,47.0,0,0,nan
CCO,買權,202204,48.0,0,0,nan
CCO,買權,202204,49.0,2,0,9999.99
CCO,買權,202204,50.0,2,0,9999.99
CCO,買權,202204,52.5,20,3,6.67
CCO,買權,202204,55.0,30,6,5.0
CCO,買權,202204,57.5,6,0,9999.99
CCO,買權,202204,60.0,24,4,6.0
CCO,買權,202204,62.5,30,2,15.0
CCO,買權,202204,65.0,0,0,nan
CCO,賣權,202204,42.0,0,0,nan
CCO,賣權,202204,43.0,0,0,nan
CCO,賣權,202204,44.0,0,0,nan
CCO,賣權,202204,45.0,0,0,nan
CCO,賣權,202204,46.0,0,0,nan
CCO,賣權,202204,47.0,2,0,9999.99
CCO,賣權,202204,48.0,2,0,9999.99
CCO,賣權,202204,49.0,14,3,4.67
CCO,賣權,202204,50.0,12,2,6.0
CCO,賣權,202204,52.5,14,3,4.67
CCO,賣權,202204,55.0,2,0,9999.99
CCO,賣權,202204,57.5,4,0,9999.99
CCO,賣權,202204,60.0,0,0,nan
CCO,賣權,202204,62.5,0,0,nan
CCO,賣權,202204,65.0,0,0,nan
CCO,買權,202205,43.0,0,0,nan
CCO,買權,202205,44.0,0,0,nan
CCO,買權,202205,45.0,0,0,nan
CCO,買權,202205,46.0,0,0,nan
CCO,買權,202205,47.0,0,0,nan
CCO,買權,202205,48.0,0,0,nan
CCO,買權,202205,49.0,0,0,nan
CCO,買權,202205,50.0,0,0,nan
CCO,買權,202205,52.5,0,0,nan
CCO,買權,202205,55.0,0,0,nan
CCO,買權,202205,57.5,2,2,1.0
CCO,買權,202205,60.0,0,0,nan
CCO,賣權,202205,43.0,0,0,nan
CCO,賣權,202205,44.0,0,0,nan
CCO,賣權,202205,45.0,0,0,nan
CCO,賣權,202205,46.0,0,0,nan
CCO,賣權,202205,47.0,0,0,nan
CCO,賣權,202205,48.0,0,0,nan
CCO,賣權,202205,49.0,0,0,nan
CCO,賣權,202205,50.0,0,0,nan
CCO,賣權,202205,52.5,0,0,nan
CCO,賣權,202205,55.0,0,0,nan
CCO,賣權,202205,57.5,0,0,nan
CCO,賣權,202205,60.0,0,0,nan
CCO,買權,202206,40.0,0,0,nan
CCO,買權,202206,42.0,0,0,nan
CCO,買權,202206,44.0,0,0,nan
CCO,買權,202206,46.0,0,0,nan
CCO,買權,202206,48.0,0,0,nan
CCO,買權,202206,50.0,0,0,nan
CCO,買權,202206,55.0,0,0,nan
CCO,買權,202206,60.0,0,0,nan
CCO,買權,202206,65.0,0,0,nan
CCO,買權,202206,70.0,0,0,nan
CCO,買權,202206,75.0,0,0,nan
CCO,買權,202206,80.0,0,0,nan
CCO,買權,202206,85.0,0,0,nan
CCO,賣權,202206,40.0,0,0,nan
CCO,賣權,202206,42.0,0,0,nan
CCO,賣權,202206,44.0,0,0,nan
CCO,賣權,202206,46.0,0,0,nan
CCO,賣權,202206,48.0,0,0,nan
CCO,賣權,202206,50.0,0,0,nan
CCO,賣權,202206,55.0,0,0,nan
CCO,賣權,202206,60.0,0,0,nan
CCO,賣權,202206,65.0,0,0,nan
CCO,賣權,202206,70.0,0,0,nan
CCO,賣權,202206,75.0,0,0,nan
CCO,賣權,202206,80.0,0,0,nan
CCO,賣權,202206,85.0,0,0,nan
CCO,買權,202209,48.0,0,0,nan
CCO,買權,202209,50.0,0,0,nan
CCO,買權,202209,55.0,0,0,nan
CCO,買權,202209,60.0,0,0,nan
CCO,買權,202209,65.0,0,0,nan
CCO,買權,202209,70.0,0,0,nan
CCO,買權,202209,75.0,0,0,nan
CCO,買權,202209,80.0,0,0,nan
CCO,賣權,202209,48.0,0,0,nan
CCO,賣權,202209,50.0,0,0,nan
CCO,賣權,202209,55.0,0,0,nan
CCO,賣權,202209,60.0,0,0,nan
CCO,賣權,202209,65.0,0,0,nan
CCO,賣權,202209,70.0,0,0,nan
CCO,賣權,202209,75.0,0,0,nan
CCO,賣權,202209,80.0,0,0,nan
CDA,買權,202204,550.0,8,0,9999.99
CDA,買權,202204,575.0,74,0,9999.99
CDA,買權,202204,600.0,82,0,9999.99
CDA,買權,202204,625.0,186,1,186.0
CDA,買權,202204,650.0,100,0,9999.99
CDA,買權,202204,675.0,44,0,9999.99
CDA,買權,202204,700.0,38,0,9999.99
CDA,買權,202204,725.0,2,0,9999.99
CDA,買權,202204,750.0,8,0,9999.99
CDA,賣權,202204,490.0,12,0,9999.99
CDA,賣權,202204,500.0,20,0,9999.99
CDA,賣權,202204,525.0,26,1,26.0
CDA,賣權,202204,550.0,32,0,9999.99
CDA,賣權,202204,575.0,40,0,9999.99
CDA,賣權,202204,600.0,70,0,9999.99
CDA,賣權,202204,625.0,46,0,9999.99
CDA,賣權,202204,650.0,2,0,9999.99
CDO,買權,202204,470.0,0,0,nan
CDO,買權,202204,480.0,0,0,nan
CDO,買權,202204,490.0,0,0,nan
CDO,買權,202204,500.0,12,2,6.0
CDO,買權,202204,525.0,28,6,4.67
CDO,買權,202204,550.0,6,5,1.2
CDO,買權,202204,575.0,28,16,1.75
CDO,買權,202204,600.0,112,33,3.39
CDO,買權,202204,625.0,50,17,2.94
CDO,買權,202204,650.0,12,4,3.0
CDO,賣權,202204,470.0,20,8,2.5
CDO,賣權,202204,480.0,0,0,nan
CDO,賣權,202204,490.0,0,2,0.0
CDO,賣權,202204,500.0,0,3,0.0
CDO,賣權,202204,525.0,6,4,1.5
CDO,賣權,202204,550.0,24,9,2.67
CDO,賣權,202204,575.0,18,5,3.6
CDO,賣權,202204,600.0,22,6,3.67
CDO,賣權,202204,625.0,0,0,nan
CDO,賣權,202204,650.0,0,0,nan
CDO,買權,202205,470.0,0,0,nan
CDO,買權,202205,480.0,0,0,nan
CDO,買權,202205,490.0,0,0,nan
CDO,買權,202205,500.0,0,0,nan
CDO,買權,202205,525.0,0,0,nan
CDO,買權,202205,550.0,0,0,nan
CDO,買權,202205,575.0,36,36,1.0
CDO,買權,202205,600.0,24,24,1.0
CDO,買權,202205,625.0,114,114,1.0
CDO,買權,202205,650.0,62,62,1.0
CDO,賣權,202205,470.0,0,0,nan
CDO,賣權,202205,480.0,0,0,nan
CDO,賣權,202205,490.0,0,0,nan
CDO,賣權,202205,500.0,0,0,nan
CDO,賣權,202205,525.0,0,0,nan
CDO,賣權,202205,550.0,6,6,1.0
CDO,賣權,202205,575.0,2,2,1.0
CDO,賣權,202205,600.0,0,0,nan
CDO,賣權,202205,625.0,0,0,nan
CDO,賣權,202205,650.0,0,0,nan
CDO,買權,202206,460.0,0,0,nan
CDO,買權,202206,480.0,0,0,nan
CDO,買權,202206,500.0,0,0,nan
CDO,買權,202206,550.0,0,0,nan
CDO,買權,202206,600.0,0,0,nan
CDO,買權,202206,650.0,0,0,nan
CDO,賣權,202206,460.0,0,0,nan
CDO,賣權,202206,480.0,0,0,nan
CDO,賣權,202206,500.0,0,0,nan
CDO,賣權,202206,550.0,0,0,nan
CDO,賣權,202206,600.0,0,0,nan
CDO,賣權,202206,650.0,0,0,nan
CEO,買權,202204,60.0,0,0,nan
CEO,買權,202204,62.5,0,0,nan
CEO,買權,202204,65.0,0,0,nan
CEO,買權,202204,67.5,0,0,nan
CEO,買權,202204,70.0,0,0,nan
CEO,買權,202204,72.5,4,0,9999.99
CEO,買權,202204,75.0,12,2,6.0
CEO,買權,202204,77.5,2,0,9999.99
CEO,買權,202204,80.0,0,0,nan
CEO,買權,202204,82.5,2,0,9999.99
CEO,買權,202204,85.0,0,0,nan
CEO,買權,202204,87.5,0,0,nan
CEO,買權,202204,90.0,0,0,nan
CEO,賣權,202204,60.0,0,0,nan
CEO,賣權,202204,62.5,0,0,nan
CEO,賣權,202204,65.0,0,0,nan
CEO,賣權,202204,67.5,8,2,4.0
CEO,賣權,202204,70.0,0,0,nan
CEO,賣權,202204,72.5,6,1,6.0
CEO,賣權,202204,75.0,2,0,9999.99
CEO,賣權,202204,77.5,0,0,nan
CEO,賣權,202204,80.0,0,0,nan
CEO,賣權,202204,82.5,0,0,nan
CEO,賣權,202204,85.0,0,0,nan
CEO,賣權,202204,87.5,0,0,nan
CEO,賣權,202204,90.0,0,0,nan
CEO,買權,202205,60.0,0,0,nan
CEO,買權,202205,62.5,0,0,nan
CEO,買權,202205,65.0,0,0,nan
CEO,買權,202205,67.5,0,0,nan
CEO,買權,202205,70.0,0,0,nan
CEO,買權,202205,72.5,0,0,nan
CEO,買權,202205,75.0,0,0,nan
CEO,買權,202205,77.5,0,0,nan
CEO,買權,202205,80.0,0,0,nan
CEO,買權,202205,82.5,4,4,1.0
CEO,買權,202205,85.0,0,0,nan
CEO,賣權,202205,60.0,0,0,nan
CEO,賣權,202205,62.5,0,0,nan
CEO,賣權,202205,65.0,0,0,nan
CEO,賣權,202205,67.5,0,0,nan
CEO,賣權,202205,70.0,4,4,1.0
CEO,賣權,202205,72.5,0,0,nan
CEO,賣權,202205,75.0,0,0,nan
CEO,賣權,202205,77.5,0,0,nan
CEO,賣權,202205,80.0,0,0,nan
CEO,賣權,202205,82.5,0,0,nan
CEO,賣權,202205,85.0,0,0,nan
CEO,買權,202206,60.0,0,0,nan
CEO,買權,202206,65.0,0,0,nan
CEO,買權,202206,70.0,0,0,nan
CEO,買權,202206,75.0,0,0,nan
CEO,買權,202206,80.0,0,0,nan
CEO,買權,202206,85.0,0,0,nan
CEO,買權,202206,90.0,0,0,nan
CEO,買權,202206,95.0,0,0,nan
CEO,賣權,202206,60.0,0,0,nan
CEO,賣權,202206,65.0,0,0,nan
CEO,賣權,202206,70.0,0,0,nan
CEO,賣權,202206,75.0,0,0,nan
CEO,賣權,202206,80.0,0,0,nan
CEO,賣權,202206,85.0,0,0,nan
CEO,賣權,202206,90.0,0,0,nan
CEO,賣權,202206,95.0,0,0,nan
CEO,買權,202209,60.0,0,0,nan
CEO,買權,202209,65.0,0,0,nan
CEO,買權,202209,70.0,0,0,nan
CEO,買權,202209,75.0,0,0,nan
CEO,買權,202209,80.0,0,0,nan
CEO,買權,202209,85.0,0,0,nan
CEO,買權,202209,90.0,0,0,nan
CEO,賣權,202209,60.0,0,0,nan
CEO,賣權,202209,65.0,0,0,nan
CEO,賣權,202209,70.0,0,0,nan
CEO,賣權,202209,75.0,0,0,nan
CEO,賣權,202209,80.0,0,0,nan
CEO,賣權,202209,85.0,0,0,nan
CEO,賣權,202209,90.0,0,0,nan
CFO,買權,202204,100.0,0,0,nan
CFO,買權,202204,105.0,0,0,nan
CFO,買權,202204,110.0,0,0,nan
CFO,買權,202204,115.0,0,0,nan
CFO,買權,202204,120.0,0,0,nan
CFO,買權,202204,125.0,0,0,nan
CFO,買權,202204,130.0,0,0,nan
CFO,買權,202204,87.5,0,0,nan
CFO,買權,202204,90.0,0,0,nan
CFO,買權,202204,92.5,0,0,nan
CFO,買權,202204,95.0,0,0,nan
CFO,買權,202204,97.5,0,0,nan
CFO,賣權,202204,100.0,0,0,nan
CFO,賣權,202204,105.0,0,0,nan
CFO,賣權,202204,110.0,0,0,nan
CFO,賣權,202204,115.0,0,0,nan
CFO,賣權,202204,120.0,0,0,nan
CFO,賣權,202204,125.0,0,0,nan
CFO,賣權,202204,130.0,0,0,nan
CFO,賣權,202204,87.5,0,0,nan
CFO,賣權,202204,90.0,0,0,nan
CFO,賣權,202204,92.5,0,0,nan
CFO,賣權,202204,95.0,0,0,nan
CFO,賣權,202204,97.5,0,0,nan
CFO,買權,202205,100.0,0,0,nan
CFO,買權,202205,105.0,0,0,nan
CFO,買權,202205,110.0,0,0,nan
CFO,買權,202205,115.0,0,0,nan
CFO,買權,202205,120.0,0,0,nan
CFO,買權,202205,125.0,0,0,nan
CFO,買權,202205,90.0,0,0,nan
CFO,買權,202205,92.5,0,0,nan
CFO,買權,202205,95.0,0,0,nan
CFO,買權,202205,97.5,0,0,nan
CFO,賣權,202205,100.0,0,0,nan
CFO,賣權,202205,105.0,0,0,nan
CFO,賣權,202205,110.0,0,0,nan
CFO,賣權,202205,115.0,0,0,nan
CFO,賣權,202205,120.0,0,0,nan
CFO,賣權,202205,125.0,0,0,nan
CFO,賣權,202205,90.0,0,0,nan
CFO,賣權,202205,92.5,0,0,nan
CFO,賣權,202205,95.0,0,0,nan
CFO,賣權,202205,97.5,0,0,nan
CFO,買權,202206,100.0,0,0,nan
CFO,買權,202206,110.0,0,0,nan
CFO,買權,202206,120.0,0,0,nan
CFO,買權,202206,130.0,0,0,nan
CFO,買權,202206,140.0,0,0,nan
CFO,買權,202206,80.0,0,0,nan
CFO,買權,202206,85.0,0,0,nan
CFO,買權,202206,90.0,0,0,nan
CFO,買權,202206,95.0,0,0,nan
CFO,賣權,202206,100.0,0,0,nan
CFO,賣權,202206,110.0,0,0,nan
CFO,賣權,202206,120.0,0,0,nan
CFO,賣權,202206,130.0,0,0,nan
CFO,賣權,202206,140.0,0,0,nan
CFO,賣權,202206,80.0,0,0,nan
CFO,賣權,202206,85.0,0,0,nan
CFO,賣權,202206,90.0,0,0,nan
CFO,賣權,202206,95.0,0,0,nan
CFO,買權,202209,100.0,0,0,nan
CFO,買權,202209,110.0,0,0,nan
CFO,買權,202209,120.0,0,0,nan
CFO,買權,202209,130.0,0,0,nan
CFO,買權,202209,140.0,0,0,nan
CFO,買權,202209,85.0,0,0,nan
CFO,買權,202209,90.0,0,0,nan
CFO,買權,202209,95.0,0,0,nan
CFO,賣權,202209,100.0,0,0,nan
CFO,賣權,202209,110.0,0,0,nan
CFO,賣權,202209,120.0,0,0,nan
CFO,賣權,202209,130.0,0,0,nan
CFO,賣權,202209,140.0,0,0,nan
CFO,賣權,202209,85.0,0,0,nan
CFO,賣權,202209,90.0,0,0,nan
CFO,賣權,202209,95.0,0,0,nan
CGO,買權,202204,21.0,0,0,nan
CGO,買權,202204,21.5,0,0,nan
CGO,買權,202204,22.0,0,0,nan
CGO,買權,202204,22.5,0,0,nan
CGO,買權,202204,23.0,0,0,nan
CGO,買權,202204,23.5,0,0,nan
CGO,買權,202204,24.0,0,0,nan
CGO,買權,202204,24.5,0,0,nan
CGO,買權,202204,25.0,0,0,nan
CGO,買權,202204,26.0,0,0,nan
CGO,買權,202204,27.0,0,0,nan
CGO,買權,202204,28.0,0,0,nan
CGO,買權,202204,29.0,0,0,nan
CGO,買權,202204,30.0,0,0,nan
CGO,買權,202204,31.0,0,0,nan
CGO,買權,202204,32.0,0,0,nan
CGO,賣權,202204,21.0,0,0,nan
CGO,賣權,202204,21.5,0,0,nan
CGO,賣權,202204,22.0,0,0,nan
CGO,賣權,202204,22.5,0,0,nan
CGO,賣權,202204,23.0,0,0,nan
CGO,賣權,202204,23.5,0,0,nan
CGO,賣權,202204,24.0,0,0,nan
CGO,賣權,202204,24.5,0,0,nan
CGO,賣權,202204,25.0,0,0,nan
CGO,賣權,202204,26.0,0,0,nan
CGO,賣權,202204,27.0,0,0,nan
CGO,賣權,202204,28.0,0,0,nan
CGO,賣權,202204,29.0,0,0,nan
CGO,賣權,202204,30.0,0,0,nan
CGO,賣權,202204,31.0,0,0,nan
CGO,賣權,202204,32.0,0,0,nan
CGO,買權,202205,22.5,0,0,nan
CGO,買權,202205,23.0,0,0,nan
CGO,買權,202205,23.5,0,0,nan
CGO,買權,202205,24.0,0,0,nan
CGO,買權,202205,24.5,0,0,nan
CGO,買權,202205,25.0,0,0,nan
CGO,買權,202205,26.0,0,0,nan
CGO,買權,202205,27.0,0,0,nan
CGO,買權,202205,28.0,0,0,nan
CGO,買權,202205,29.0,0,0,nan
CGO,買權,202205,30.0,0,0,nan
CGO,買權,202205,31.0,0,0,nan
CGO,買權,202205,32.0,0,0,nan
CGO,賣權,202205,22.5,0,0,nan
CGO,賣權,202205,23.0,0,0,nan
CGO,賣權,202205,23.5,0,0,nan
CGO,賣權,202205,24.0,0,0,nan
CGO,賣權,202205,24.5,0,0,nan
CGO,賣權,202205,25.0,0,0,nan
CGO,賣權,202205,26.0,0,0,nan
CGO,賣權,202205,27.0,0,0,nan
CGO,賣權,202205,28.0,0,0,nan
CGO,賣權,202205,29.0,0,0,nan
CGO,賣權,202205,30.0,0,0,nan
CGO,賣權,202205,31.0,0,0,nan
CGO,賣權,202205,32.0,0,0,nan
CGO,買權,202206,18.0,0,0,nan
CGO,買權,202206,19.0,0,0,nan
CGO,買權,202206,20.0,0,0,nan
CGO,買權,202206,21.0,0,0,nan
CGO,買權,202206,22.0,0,0,nan
CGO,買權,202206,23.0,0,0,nan
CGO,買權,202206,24.0,0,0,nan
CGO,買權,202206,25.0,0,0,nan
CGO,買權,202206,26.0,0,0,nan
CGO,買權,202206,28.0,0,0,nan
CGO,買權,202206,30.0,0,0,nan
CGO,買權,202206,32.0,0,0,nan
CGO,賣權,202206,18.0,0,0,nan
CGO,賣權,202206,19.0,0,0,nan
CGO,賣權,202206,20.0,0,0,nan
CGO,賣權,202206,21.0,0,0,nan
CGO,賣權,202206,22.0,0,0,nan
CGO,賣權,202206,23.0,0,0,nan
CGO,賣權,202206,24.0,0,0,nan
CGO,賣權,202206,25.0,0,0,nan
CGO,賣權,202206,26.0,0,0,nan
CGO,賣權,202206,28.0,0,0,nan
CGO,賣權,202206,30.0,0,0,nan
CGO,賣權,202206,32.0,0,0,nan
CGO,買權,202209,19.0,0,0,nan
CGO,買權,202209,20.0,0,0,nan
CGO,買權,202209,21.0,0,0,nan
CGO,買權,202209,22.0,0,0,nan
CGO,買權,202209,23.0,0,0,nan
CGO,買權,202209,24.0,0,0,nan
CGO,買權,202209,25.0,0,0,nan
CGO,買權,202209,26.0,0,0,nan
CGO,買權,202209,28.0,0,0,nan
CGO,買權,202209,30.0,0,0,nan
CGO,賣權,202209,19.0,0,0,nan
CGO,賣權,202209,20.0,0,0,nan
CGO,賣權,202209,21.0,0,0,nan
CGO,賣權,202209,22.0,0,0,nan
CGO,賣權,202209,23.0,0,0,nan
CGO,賣權,202209,24.0,0,0,nan
CGO,賣權,202209,25.0,0,0,nan
CGO,賣權,202209,26.0,0,0,nan
CGO,賣權,202209,28.0,0,0,nan
CGO,賣權,202209,30.0,0,0,nan
CHO,買權,202204,17.0,0,0,nan
CHO,買權,202204,17.5,0,0,nan
CHO,買權,202204,18.0,0,0,nan
CHO,買權,202204,18.5,0,0,nan
CHO,買權,202204,19.0,0,0,nan
CHO,買權,202204,19.5,0,0,nan
CHO,買權,202204,20.0,0,0,nan
CHO,買權,202204,20.5,0,0,nan
CHO,買權,202204,21.0,6,1,6.0
CHO,買權,202204,21.5,4,1,4.0
CHO,買權,202204,22.0,0,0,nan
CHO,買權,202204,22.5,2,0,9999.99
CHO,買權,202204,23.0,2,0,9999.99
CHO,買權,202204,23.5,6,1,6.0
CHO,買權,202204,24.0,6,1,6.0
CHO,買權,202204,24.5,4,1,4.0
CHO,買權,202204,25.0,0,0,nan
CHO,買權,202204,26.0,0,0,nan
CHO,賣權,202204,17.0,0,0,nan
CHO,賣權,202204,17.5,0,0,nan
CHO,賣權,202204,18.0,0,0,nan
CHO,賣權,202204,18.5,0,0,nan
CHO,賣權,202204,19.0,2,0,9999.99
CHO,賣權,202204,19.5,2,0,9999.99
CHO,賣權,202204,20.0,8,3,2.67
CHO,賣權,202204,20.5,0,0,nan
CHO,賣權,202204,21.0,2,0,9999.99
CHO,賣權,202204,21.5,2,0,9999.99
CHO,賣權,202204,22.0,0,0,nan
CHO,賣權,202204,22.5,0,0,nan
CHO,賣權,202204,23.0,0,0,nan
CHO,賣權,202204,23.5,0,0,nan
CHO,賣權,202204,24.0,0,0,nan
CHO,賣權,202204,24.5,0,0,nan
CHO,賣權,202204,25.0,0,0,nan
CHO,賣權,202204,26.0,0,0,nan
CHO,買權,202205,17.5,0,0,nan
CHO,買權,202205,18.0,0,0,nan
CHO,買權,202205,18.5,0,0,nan
CHO,買權,202205,19.0,0,0,nan
CHO,買權,202205,19.5,0,0,nan
CHO,買權,202205,20.0,0,0,nan
CHO,買權,202205,20.5,0,0,nan
CHO,買權,202205,21.0,0,0,nan
CHO,買權,202205,21.5,0,0,nan
CHO,買權,202205,22.0,0,0,nan
CHO,買權,202205,22.5,0,0,nan
CHO,買權,202205,23.0,0,0,nan
CHO,買權,202205,23.5,0,0,nan
CHO,買權,202205,24.0,0,0,nan
CHO,買權,202205,24.5,0,0,nan
CHO,賣權,202205,17.5,0,0,nan
CHO,賣權,202205,18.0,0,0,nan
CHO,賣權,202205,18.5,0,0,nan
CHO,賣權,202205,19.0,0,0,nan
CHO,賣權,202205,19.5,0,0,nan
CHO,賣權,202205,20.0,0,0,nan
CHO,賣權,202205,20.5,2,2,1.0
CHO,賣權,202205,21.0,0,0,nan
CHO,賣權,202205,21.5,0,0,nan
CHO,賣權,202205,22.0,0,0,nan
CHO,賣權,202205,22.5,0,0,nan
CHO,賣權,202205,23.0,0,0,nan
CHO,賣權,202205,23.5,0,0,nan
CHO,賣權,202205,24.0,0,0,nan
CHO,賣權,202205,24.5,0,0,nan
CHO,買權,202206,14.0,0,0,nan
CHO,買權,202206,15.0,0,0,nan
CHO,買權,202206,16.0,0,0,nan
CHO,買權,202206,17.0,0,0,nan
CHO,買權,202206,18.0,0,0,nan
CHO,買權,202206,19.0,0,0,nan
CHO,買權,202206,20.0,0,0,nan
CHO,買權,202206,21.0,0,0,nan
CHO,買權,202206,22.0,0,0,nan
CHO,買權,202206,23.0,0,0,nan
CHO,買權,202206,24.0,0,0,nan
CHO,買權,202206,25.0,0,0,nan
CHO,買權,202206,26.0,0,0,nan
CHO,買權,202206,28.0,0,0,nan
CHO,賣權,202206,14.0,0,0,nan
CHO,賣權,202206,15.0,0,0,nan
CHO,賣權,202206,16.0,0,0,nan
CHO,賣權,202206,17.0,0,0,nan
CHO,賣權,202206,18.0,0,0,nan
CHO,賣權,202206,19.0,0,0,nan
CHO,賣權,202206,20.0,0,0,nan
CHO,賣權,202206,21.0,0,0,nan
CHO,賣權,202206,22.0,0,0,nan
CHO,賣權,202206,23.0,0,0,nan
CHO,賣權,202206,24.0,0,0,nan
CHO,賣權,202206,25.0,0,0,nan
CHO,賣權,202206,26.0,0,0,nan
CHO,賣權,202206,28.0,0,0,nan
CHO,買權,202209,14.0,0,0,nan
CHO,買權,202209,15.0,0,0,nan
CHO,買權,202209,16.0,0,0,nan
CHO,買權,202209,17.0,0,0,nan
CHO,買權,202209,18.0,0,0,nan
CHO,買權,202209,19.0,0,0,nan
CHO,買權,202209,20.0,0,0,nan
CHO,買權,202209,21.0,0,0,nan
CHO,買權,202209,22.0,0,0,nan
CHO,買權,202209,23.0,0,0,nan
CHO,買權,202209,24.0,0,0,nan
CHO,買權,202209,25.0,0,0,nan
CHO,買權,202209,26.0,0,0,nan
CHO,賣權,202209,14.0,0,0,nan
CHO,賣權,202209,15.0,0,0,nan
CHO,賣權,202209,16.0,0,0,nan
CHO,賣權,202209,17.0,0,0,nan
CHO,賣權,202209,18.0,0,0,nan
CHO,賣權,202209,19.0,0,0,nan
CHO,賣權,202209,20.0,0,0,nan
CHO,賣權,202209,21.0,0,0,nan
CHO,賣權,202209,22.0,0,0,nan
CHO,賣權,202209,23.0,0,0,nan
CHO,賣權,202209,24.0,0,0,nan
CHO,賣權,202209,25.0,0,0,nan
CHO,賣權,202209,26.0,0,0,nan
CJO,買權,202204,18.5,0,0,nan
CJO,買權,202204,19.0,0,0,nan
CJO,買權,202204,19.5,0,0,nan
CJO,買權,202204,20.0,0,0,nan
CJO,買權,202204,20.5,0,0,nan
CJO,買權,202204,21.0,0,0,nan
CJO,買權,202204,21.5,0,0,nan
CJO,買權,202204,22.0,0,0,nan
CJO,買權,202204,22.5,0,0,nan
CJO,買權,202204,23.0,0,0,nan
CJO,買權,202204,23.5,0,0,nan
CJO,買權,202204,24.0,0,0,nan
CJO,買權,202204,24.5,0,0,nan
CJO,買權,202204,25.0,0,0,nan
CJO,買權,202204,26.0,0,0,nan
CJO,買權,202204,27.0,0,0,nan
CJO,賣權,202204,18.5,0,0,nan
CJO,賣權,202204,19.0,0,0,nan
CJO,賣權,202204,19.5,0,0,nan
CJO,賣權,202204,20.0,0,0,nan
CJO,賣權,202204,20.5,0,0,nan
CJO,賣權,202204,21.0,0,0,nan
CJO,賣權,202204,21.5,0,0,nan
CJO,賣權,202204,22.0,0,0,nan
CJO,賣權,202204,22.5,0,0,nan
CJO,賣權,202204,23.0,0,0,nan
CJO,賣權,202204,23.5,0,0,nan
CJO,賣權,202204,24.0,0,0,nan
CJO,賣權,202204,24.5,0,0,nan
CJO,賣權,202204,25.0,0,0,nan
CJO,賣權,202204,26.0,0,0,nan
CJO,賣權,202204,27.0,0,0,nan
CJO,買權,202205,19.0,0,0,nan
CJO,買權,202205,19.5,0,0,nan
CJO,買權,202205,20.0,0,0,nan
CJO,買權,202205,20.5,0,0,nan
CJO,買權,202205,21.0,0,0,nan
CJO,買權,202205,21.5,0,0,nan
CJO,買權,202205,22.0,0,0,nan
CJO,買權,202205,22.5,0,0,nan
CJO,買權,202205,23.0,0,0,nan
CJO,買權,202205,23.5,0,0,nan
CJO,買權,202205,24.0,0,0,nan
CJO,買權,202205,24.5,0,0,nan
CJO,買權,202205,25.0,0,0,nan
CJO,買權,202205,26.0,0,0,nan
CJO,買權,202205,27.0,0,0,nan
CJO,賣權,202205,19.0,0,0,nan
CJO,賣權,202205,19.5,0,0,nan
CJO,賣權,202205,20.0,0,0,nan
CJO,賣權,202205,20.5,0,0,nan
CJO,賣權,202205,21.0,0,0,nan
CJO,賣權,202205,21.5,0,0,nan
CJO,賣權,202205,22.0,0,0,nan
CJO,賣權,202205,22.5,0,0,nan
CJO,賣權,202205,23.0,0,0,nan
CJO,賣權,202205,23.5,0,0,nan
CJO,賣權,202205,24.0,0,0,nan
CJO,賣權,202205,24.5,0,0,nan
CJO,賣權,202205,25.0,0,0,nan
CJO,賣權,202205,26.0,0,0,nan
CJO,賣權,202205,27.0,0,0,nan
CJO,買權,202206,17.0,0,0,nan
CJO,買權,202206,18.0,0,0,nan
CJO,買權,202206,19.0,0,0,nan
CJO,買權,202206,20.0,0,0,nan
CJO,買權,202206,21.0,0,0,nan
CJO,買權,202206,22.0,0,0,nan
CJO,買權,202206,23.0,0,0,nan
CJO,買權,202206,24.0,0,0,nan
CJO,買權,202206,25.0,0,0,nan
CJO,買權,202206,26.0,0,0,nan
CJO,買權,202206,28.0,0,0,nan
CJO,賣權,202206,17.0,0,0,nan
CJO,賣權,202206,18.0,0,0,nan
CJO,賣權,202206,19.0,0,0,nan
CJO,賣權,202206,20.0,0,0,nan
CJO,賣權,202206,21.0,0,0,nan
CJO,賣權,202206,22.0,0,0,nan
CJO,賣權,202206,23.0,0,0,nan
CJO,賣權,202206,24.0,0,0,nan
CJO,賣權,202206,25.0,0,0,nan
CJO,賣權,202206,26.0,0,0,nan
CJO,賣權,202206,28.0,0,0,nan
CJO,買權,202209,17.0,0,0,nan
CJO,買權,202209,18.0,0,0,nan
CJO,買權,202209,19.0,0,0,nan
CJO,買權,202209,20.0,0,0,nan
CJO,買權,202209,21.0,0,0,nan
CJO,買權,202209,22.0,0,0,nan
CJO,買權,202209,23.0,0,0,nan
CJO,買權,202209,24.0,0,0,nan
CJO,買權,202209,25.0,0,0,nan
CJO,賣權,202209,17.0,0,0,nan
CJO,賣權,202209,18.0,0,0,nan
CJO,賣權,202209,19.0,0,0,nan
CJO,賣權,202209,20.0,0,0,nan
CJO,賣權,202209,21.0,0,0,nan
CJO,賣權,202209,22.0,0,0,nan
CJO,賣權,202209,23.0,0,0,nan
CJO,賣權,202209,24.0,0,0,nan
CJO,賣權,202209,25.0,0,0,nan
CKO,買權,202204,49.0,0,0,nan
CKO,買權,202204,50.0,0,0,nan
CKO,買權,202204,52.5,0,0,nan
CKO,買權,202204,55.0,0,0,nan
CKO,買權,202204,57.5,0,0,nan
CKO,買權,202204,60.0,0,0,nan
CKO,買權,202204,62.5,0,0,nan
CKO,買權,202204,65.0,0,0,nan
CKO,買權,202204,67.5,0,0,nan
CKO,買權,202204,70.0,0,0,nan
CKO,買權,202204,72.5,0,0,nan
CKO,買權,202204,75.0,0,0,nan
CKO,賣權,202204,49.0,0,0,nan
CKO,賣權,202204,50.0,0,0,nan
CKO,賣權,202204,52.5,0,0,nan
CKO,賣權,202204,55.0,4,0,9999.99
CKO,賣權,202204,57.5,2,0,9999.99
CKO,賣權,202204,60.0,2,0,9999.99
CKO,賣權,202204,62.5,0,0,nan
CKO,賣權,202204,65.0,0,0,nan
CKO,賣權,202204,67.5,0,0,nan
CKO,賣權,202204,70.0,0,0,nan
CKO,賣權,202204,72.5,0,0,nan
CKO,賣權,202204,75.0,0,0,nan
CKO,買權,202205,52.5,0,0,nan
CKO,買權,202205,55.0,0,0,nan
CKO,買權,202205,57.5,0,0,nan
CKO,買權,202205,60.0,0,0,nan
CKO,買權,202205,62.5,0,0,nan
CKO,買權,202205,65.0,0,0,nan
CKO,買權,202205,67.5,0,0,nan
CKO,買權,202205,70.0,0,0,nan
CKO,買權,202205,72.5,0,0,nan
CKO,賣權,202205,52.5,0,0,nan
CKO,賣權,202205,55.0,0,0,nan
CKO,賣權,202205,57.5,2,2,1.0
CKO,賣權,202205,60.0,0,0,nan
CKO,賣權,202205,62.5,0,0,nan
CKO,賣權,202205,65.0,0,0,nan
CKO,賣權,202205,67.5,0,0,nan
CKO,賣權,202205,70.0,0,0,nan
CKO,賣權,202205,72.5,0,0,nan
CKO,買權,202206,44.0,0,0,nan
CKO,買權,202206,46.0,0,0,nan
CKO,買權,202206,48.0,0,0,nan
CKO,買權,202206,50.0,0,0,nan
CKO,買權,202206,55.0,0,0,nan
CKO,買權,202206,60.0,0,0,nan
CKO,買權,202206,65.0,0,0,nan
CKO,買權,202206,70.0,0,0,nan
CKO,買權,202206,75.0,0,0,nan
CKO,買權,202206,80.0,0,0,nan
CKO,賣權,202206,44.0,0,0,nan
CKO,賣權,202206,46.0,0,0,nan
CKO,賣權,202206,48.0,0,0,nan
CKO,賣權,202206,50.0,0,0,nan
CKO,賣權,202206,55.0,0,0,nan
CKO,賣權,202206,60.0,0,0,nan
CKO,賣權,202206,65.0,0,0,nan
CKO,賣權,202206,70.0,0,0,nan
CKO,賣權,202206,75.0,0,0,nan
CKO,賣權,202206,80.0,0,0,nan
CKO,買權,202209,48.0,0,0,nan
CKO,買權,202209,50.0,0,0,nan
CKO,買權,202209,55.0,0,0,nan
CKO,買權,202209,60.0,0,0,nan
CKO,買權,202209,65.0,0,0,nan
CKO,買權,202209,70.0,0,0,nan
CKO,買權,202209,75.0,0,0,nan
CKO,賣權,202209,48.0,0,0,nan
CKO,賣權,202209,50.0,0,0,nan
CKO,賣權,202209,55.0,0,0,nan
CKO,賣權,202209,60.0,0,0,nan
CKO,賣權,202209,65.0,0,0,nan
CKO,賣權,202209,70.0,0,0,nan
CKO,賣權,202209,75.0,0,0,nan
CLO,買權,202204,31.0,0,0,nan
CLO,買權,202204,32.0,0,0,nan
CLO,買權,202204,33.0,0,0,nan
CLO,買權,202204,34.0,0,0,nan
CLO,買權,202204,35.0,0,0,nan
CLO,買權,202204,36.0,0,0,nan
CLO,買權,202204,37.0,0,0,nan
CLO,買權,202204,38.0,0,0,nan
CLO,買權,202204,39.0,0,0,nan
CLO,買權,202204,40.0,0,0,nan
CLO,買權,202204,41.0,0,0,nan
CLO,買權,202204,42.0,0,0,nan
CLO,買權,202204,43.0,0,0,nan
CLO,買權,202204,44.0,0,0,nan
CLO,買權,202204,45.0,0,0,nan
CLO,買權,202204,46.0,0,0,nan
CLO,賣權,202204,31.0,0,0,nan
CLO,賣權,202204,32.0,0,0,nan
CLO,賣權,202204,33.0,0,0,nan
CLO,賣權,202204,34.0,0,0,nan
CLO,賣權,202204,35.0,0,0,nan
CLO,賣權,202204,36.0,0,0,nan
CLO,賣權,202204,37.0,0,0,nan
CLO,賣權,202204,38.0,0,0,nan
CLO,賣權,202204,39.0,0,0,nan
CLO,賣權,202204,40.0,0,0,nan
CLO,賣權,202204,41.0,0,0,nan
CLO,賣權,202204,42.0,0,0,nan
CLO,賣權,202204,43.0,0,0,nan
CLO,賣權,202204,44.0,0,0,nan
CLO,賣權,202204,45.0,0,0,nan
CLO,賣權,202204,46.0,0,0,nan
CLO,買權,202205,33.0,0,0,nan
CLO,買權,202205,34.0,0,0,nan
CLO,買權,202205,35.0,0,0,nan
CLO,買權,202205,36.0,0,0,nan
CLO,買權,202205,37.0,0,0,nan
CLO,買權,202205,38.0,0,0,nan
CLO,買權,202205,39.0,0,0,nan
CLO,買權,202205,40.0,0,0,nan
CLO,買權,202205,41.0,0,0,nan
CLO,買權,202205,42.0,0,0,nan
CLO,買權,202205,43.0,0,0,nan
CLO,買權,202205,44.0,0,0,nan
CLO,買權,202205,45.0,0,0,nan
CLO,買權,202205,46.0,0,0,nan
CLO,賣權,202205,33.0,0,0,nan
CLO,賣權,202205,34.0,0,0,nan
CLO,賣權,202205,35.0,0,0,nan
CLO,賣權,202205,36.0,0,0,nan
CLO,賣權,202205,37.0,0,0,nan
CLO,賣權,202205,38.0,0,0,nan
CLO,賣權,202205,39.0,0,0,nan
CLO,賣權,202205,40.0,0,0,nan
CLO,賣權,202205,41.0,0,0,nan
CLO,賣權,202205,42.0,0,0,nan
CLO,賣權,202205,43.0,0,0,nan
CLO,賣權,202205,44.0,0,0,nan
CLO,賣權,202205,45.0,0,0,nan
CLO,賣權,202205,46.0,0,0,nan
CLO,買權,202206,26.0,0,0,nan
CLO,買權,202206,28.0,0,0,nan
CLO,買權,202206,30.0,0,0,nan
CLO,買權,202206,32.0,0,0,nan
CLO,買權,202206,34.0,0,0,nan
CLO,買權,202206,36.0,0,0,nan
CLO,買權,202206,38.0,0,0,nan
CLO,買權,202206,40.0,0,0,nan
CLO,買權,202206,42.0,0,0,nan
CLO,買權,202206,44.0,0,0,nan
CLO,買權,202206,46.0,0,0,nan
CLO,賣權,202206,26.0,0,0,nan
CLO,賣權,202206,28.0,0,0,nan
CLO,賣權,202206,30.0,0,0,nan
CLO,賣權,202206,32.0,0,0,nan
CLO,賣權,202206,34.0,0,0,nan
CLO,賣權,202206,36.0,0,0,nan
CLO,賣權,202206,38.0,0,0,nan
CLO,賣權,202206,40.0,0,0,nan
CLO,賣權,202206,42.0,0,0,nan
CLO,賣權,202206,44.0,0,0,nan
CLO,賣權,202206,46.0,0,0,nan
CLO,買權,202209,26.0,0,0,nan
CLO,買權,202209,28.0,0,0,nan
CLO,買權,202209,30.0,0,0,nan
CLO,買權,202209,32.0,0,0,nan
CLO,買權,202209,34.0,0,0,nan
CLO,買權,202209,36.0,0,0,nan
CLO,買權,202209,38.0,0,0,nan
CLO,買權,202209,40.0,0,0,nan
CLO,買權,202209,42.0,0,0,nan
CLO,賣權,202209,26.0,0,0,nan
CLO,賣權,202209,28.0,0,0,nan
CLO,賣權,202209,30.0,0,0,nan
CLO,賣權,202209,32.0,0,0,nan
CLO,賣權,202209,34.0,0,0,nan
CLO,賣權,202209,36.0,0,0,nan
CLO,賣權,202209,38.0,0,0,nan
CLO,賣權,202209,40.0,0,0,nan
CLO,賣權,202209,42.0,0,0,nan
CMO,買權,202204,15.5,0,0,nan
CMO,買權,202204,16.0,0,0,nan
CMO,買權,202204,16.5,0,0,nan
CMO,買權,202204,17.0,0,0,nan
CMO,買權,202204,17.5,0,0,nan
CMO,買權,202204,18.0,0,0,nan
CMO,買權,202204,18.5,0,0,nan
CMO,買權,202204,19.0,0,0,nan
CMO,買權,202204,19.5,0,0,nan
CMO,買權,202204,20.0,0,0,nan
CMO,買權,202204,20.5,0,0,nan
CMO,買權,202204,21.0,0,0,nan
CMO,買權,202204,21.5,0,0,nan
CMO,買權,202204,22.0,0,0,nan
CMO,買權,202204,22.5,0,0,nan
CMO,買權,202204,23.0,0,0,nan
CMO,買權,202204,23.5,0,0,nan
CMO,賣權,202204,15.5,0,0,nan
CMO,賣權,202204,16.0,0,0,nan
CMO,賣權,202204,16.5,0,0,nan
CMO,賣權,202204,17.0,0,0,nan
CMO,賣權,202204,17.5,0,0,nan
CMO,賣權,202204,18.0,0,0,nan
CMO,賣權,202204,18.5,0,0,nan
CMO,賣權,202204,19.0,0,0,nan
CMO,賣權,202204,19.5,0,0,nan
CMO,賣權,202204,20.0,0,0,nan
CMO,賣權,202204,20.5,0,0,nan
CMO,賣權,202204,21.0,0,0,nan
CMO,賣權,202204,21.5,0,0,nan
CMO,賣權,202204,22.0,0,0,nan
CMO,賣權,202204,22.5,0,0,nan
CMO,賣權,202204,23.0,0,0,nan
CMO,賣權,202204,23.5,0,0,nan
CMO,買權,202205,16.0,0,0,nan
CMO,買權,202205,16.5,0,0,nan
CMO,買權,202205,17.0,0,0,nan
CMO,買權,202205,17.5,0,0,nan
CMO,買權,202205,18.0,0,0,nan
CMO,買權,202205,18.5,0,0,nan
CMO,買權,202205,19.0,0,0,nan
CMO,買權,202205,19.5,0,0,nan
CMO,買權,202205,20.0,0,0,nan
CMO,買權,202205,20.5,0,0,nan
CMO,買權,202205,21.0,0,0,nan
CMO,買權,202205,21.5,0,0,nan
CMO,買權,202205,22.0,0,0,nan
CMO,買權,202205,22.5,0,0,nan
CMO,賣權,202205,16.0,0,0,nan
CMO,賣權,202205,16.5,0,0,nan
CMO,賣權,202205,17.0,0,0,nan
CMO,賣權,202205,17.5,0,0,nan
CMO,賣權,202205,18.0,0,0,nan
CMO,賣權,202205,18.5,0,0,nan
CMO,賣權,202205,19.0,0,0,nan
CMO,賣權,202205,19.5,0,0,nan
CMO,賣權,202205,20.0,0,0,nan
CMO,賣權,202205,20.5,0,0,nan
CMO,賣權,202205,21.0,0,0,nan
CMO,賣權,202205,21.5,0,0,nan
CMO,賣權,202205,22.0,0,0,nan
CMO,賣權,202205,22.5,0,0,nan
CMO,買權,202206,15.0,0,0,nan
CMO,買權,202206,16.0,0,0,nan
CMO,買權,202206,17.0,0,0,nan
CMO,買權,202206,18.0,0,0,nan
CMO,買權,202206,19.0,0,0,nan
CMO,買權,202206,20.0,0,0,nan
CMO,買權,202206,21.0,0,0,nan
CMO,買權,202206,22.0,0,0,nan
CMO,買權,202206,23.0,0,0,nan
CMO,買權,202206,24.0,0,0,nan
CMO,賣權,202206,15.0,0,0,nan
CMO,賣權,202206,16.0,0,0,nan
CMO,賣權,202206,17.0,0,0,nan
CMO,賣權,202206,18.0,0,0,nan
CMO,賣權,202206,19.0,0,0,nan
CMO,賣權,202206,20.0,0,0,nan
CMO,賣權,202206,21.0,0,0,nan
CMO,賣權,202206,22.0,0,0,nan
CMO,賣權,202206,23.0,0,0,nan
CMO,賣權,202206,24.0,0,0,nan
CMO,買權,202209,15.0,0,0,nan
CMO,買權,202209,16.0,0,0,nan
CMO,買權,202209,17.0,0,0,nan
CMO,買權,202209,18.0,0,0,nan
CMO,買權,202209,19.0,0,0,nan
CMO,買權,202209,20.0,0,0,nan
CMO,買權,202209,21.0,0,0,nan
CMO,買權,202209,22.0,0,0,nan
CMO,買權,202209,23.0,0,0,nan
CMO,賣權,202209,15.0,0,0,nan
CMO,賣權,202209,16.0,0,0,nan
CMO,賣權,202209,17.0,0,0,nan
CMO,賣權,202209,18.0,0,0,nan
CMO,賣權,202209,19.0,0,0,nan
CMO,賣權,202209,20.0,0,0,nan
CMO,賣權,202209,21.0,0,0,nan
CMO,賣權,202209,22.0,0,0,nan
CMO,賣權,202209,23.0,0,0,nan
CNO,買權,202204,21.5,0,0,nan
CNO,買權,202204,22.0,0,0,nan
CNO,買權,202204,22.5,0,0,nan
CNO,買權,202204,23.0,0,0,nan
CNO,買權,202204,23.5,0,0,nan
CNO,買權,202204,24.0,0,0,nan
CNO,買權,202204,24.5,0,0,nan
CNO,買權,202204,25.0,0,0,nan
CNO,買權,202204,26.0,0,0,nan
CNO,買權,202204,27.0,0,0,nan
CNO,買權,202204,28.0,0,0,nan
CNO,買權,202204,29.0,0,0,nan
CNO,買權,202204,30.0,4,0,9999.99
CNO,買權,202204,31.0,0,0,nan
CNO,買權,202204,32.0,0,0,nan
CNO,買權,202204,33.0,0,0,nan
CNO,賣權,202204,21.5,0,0,nan
CNO,賣權,202204,22.0,0,0,nan
CNO,賣權,202204,22.5,0,0,nan
CNO,賣權,202204,23.0,0,0,nan
CNO,賣權,202204,23.5,0,0,nan
CNO,賣權,202204,24.0,0,0,nan
CNO,賣權,202204,24.5,0,0,nan
CNO,賣權,202204,25.0,0,0,nan
CNO,賣權,202204,26.0,0,0,nan
CNO,賣權,202204,27.0,0,0,nan
CNO,賣權,202204,28.0,2,0,9999.99
CNO,賣權,202204,29.0,0,0,nan
CNO,賣權,202204,30.0,0,0,nan
CNO,賣權,202204,31.0,0,0,nan
CNO,賣權,202204,32.0,0,0,nan
CNO,賣權,202204,33.0,0,0,nan
CNO,買權,202205,22.5,0,0,nan
CNO,買權,202205,23.0,0,0,nan
CNO,買權,202205,23.5,0,0,nan
CNO,買權,202205,24.0,0,0,nan
CNO,買權,202205,24.5,0,0,nan
CNO,買權,202205,25.0,0,0,nan
CNO,買權,202205,26.0,0,0,nan
CNO,買權,202205,27.0,0,0,nan
CNO,買權,202205,28.0,0,0,nan
CNO,買權,202205,29.0,0,0,nan
CNO,買權,202205,30.0,0,0,nan
CNO,買權,202205,31.0,0,0,nan
CNO,賣權,202205,22.5,0,0,nan
CNO,賣權,202205,23.0,0,0,nan
CNO,賣權,202205,23.5,0,0,nan
CNO,賣權,202205,24.0,0,0,nan
CNO,賣權,202205,24.5,0,0,nan
CNO,賣權,202205,25.0,0,0,nan
CNO,賣權,202205,26.0,0,0,nan
CNO,賣權,202205,27.0,0,0,nan
CNO,賣權,202205,28.0,0,0,nan
CNO,賣權,202205,29.0,0,0,nan
CNO,賣權,202205,30.0,0,0,nan
CNO,賣權,202205,31.0,0,0,nan
CNO,買權,202206,17.0,0,0,nan
CNO,買權,202206,18.0,0,0,nan
CNO,買權,202206,19.0,0,0,nan
CNO,買權,202206,20.0,0,0,nan
CNO,買權,202206,21.0,0,0,nan
CNO,買權,202206,22.0,0,0,nan
CNO,買權,202206,23.0,0,0,nan
CNO,買權,202206,24.0,0,0,nan
CNO,買權,202206,25.0,0,0,nan
CNO,買權,202206,26.0,0,0,nan
CNO,買權,202206,28.0,0,0,nan
CNO,買權,202206,30.0,0,0,nan
CNO,買權,202206,32.0,0,0,nan
CNO,買權,202206,34.0,0,0,nan
CNO,賣權,202206,17.0,0,0,nan
CNO,賣權,202206,18.0,0,0,nan
CNO,賣權,202206,19.0,0,0,nan
CNO,賣權,202206,20.0,0,0,nan
CNO,賣權,202206,21.0,0,0,nan
CNO,賣權,202206,22.0,0,0,nan
CNO,賣權,202206,23.0,0,0,nan
CNO,賣權,202206,24.0,0,0,nan
CNO,賣權,202206,25.0,0,0,nan
CNO,賣權,202206,26.0,0,0,nan
CNO,賣權,202206,28.0,0,0,nan
CNO,賣權,202206,30.0,0,0,nan
CNO,賣權,202206,32.0,0,0,nan
CNO,賣權,202206,34.0,0,0,nan
CNO,買權,202209,19.0,0,0,nan
CNO,買權,202209,20.0,0,0,nan
CNO,買權,202209,21.0,0,0,nan
CNO,買權,202209,22.0,0,0,nan
CNO,買權,202209,23.0,0,0,nan
CNO,買權,202209,24.0,0,0,nan
CNO,買權,202209,25.0,0,0,nan
CNO,買權,202209,26.0,0,0,nan
CNO,買權,202209,28.0,0,0,nan
CNO,買權,202209,30.0,0,0,nan
CNO,賣權,202209,19.0,0,0,nan
CNO,賣權,202209,20.0,0,0,nan
CNO,賣權,202209,21.0,0,0,nan
CNO,賣權,202209,22.0,0,0,nan
CNO,賣權,202209,23.0,0,0,nan
CNO,賣權,202209,24.0,0,0,nan
CNO,賣權,202209,25.0,0,0,nan
CNO,賣權,202209,26.0,0,0,nan
CNO,賣權,202209,28.0,0,0,nan
CNO,賣權,202209,30.0,0,0,nan
CQO,買權,202204,55.0,0,0,nan
CQO,買權,202204,57.5,0,0,nan
CQO,買權,202204,60.0,0,0,nan
CQO,買權,202204,62.5,0,0,nan
CQO,買權,202204,65.0,0,0,nan
CQO,買權,202204,67.5,0,0,nan
CQO,買權,202204,70.0,0,0,nan
CQO,買權,202204,72.5,0,0,nan
CQO,買權,202204,75.0,0,0,nan
CQO,買權,202204,77.5,0,0,nan
CQO,買權,202204,80.0,0,0,nan
CQO,賣權,202204,55.0,0,0,nan
CQO,賣權,202204,57.5,0,0,nan
CQO,賣權,202204,60.0,0,0,nan
CQO,賣權,202204,62.5,0,0,nan
CQO,賣權,202204,65.0,0,0,nan
CQO,賣權,202204,67.5,0,0,nan
CQO,賣權,202204,70.0,0,0,nan
CQO,賣權,202204,72.5,0,0,nan
CQO,賣權,202204,75.0,0,0,nan
CQO,賣權,202204,77.5,0,0,nan
CQO,賣權,202204,80.0,0,0,nan
CQO,買權,202205,55.0,0,0,nan
CQO,買權,202205,57.5,0,0,nan
CQO,買權,202205,60.0,0,0,nan
CQO,買權,202205,62.5,0,0,nan
CQO,買權,202205,65.0,0,0,nan
CQO,買權,202205,67.5,0,0,nan
CQO,買權,202205,70.0,0,0,nan
CQO,買權,202205,72.5,0,0,nan
CQO,買權,202205,75.0,0,0,nan
CQO,買權,202205,77.5,0,0,nan
CQO,賣權,202205,55.0,0,0,nan
CQO,賣權,202205,57.5,0,0,nan
CQO,賣權,202205,60.0,0,0,nan
CQO,賣權,202205,62.5,0,0,nan
CQO,賣權,202205,65.0,0,0,nan
CQO,賣權,202205,67.5,0,0,nan
CQO,賣權,202205,70.0,0,0,nan
CQO,賣權,202205,72.5,0,0,nan
CQO,賣權,202205,75.0,0,0,nan
CQO,賣權,202205,77.5,0,0,nan
CQO,買權,202206,55.0,0,0,nan
CQO,買權,202206,60.0,0,0,nan
CQO,買權,202206,65.0,0,0,nan
CQO,買權,202206,70.0,0,0,nan
CQO,買權,202206,75.0,0,0,nan
CQO,買權,202206,80.0,0,0,nan
CQO,買權,202206,85.0,0,0,nan
CQO,賣權,202206,55.0,0,0,nan
CQO,賣權,202206,60.0,0,0,nan
CQO,賣權,202206,65.0,0,0,nan
CQO,賣權,202206,70.0,0,0,nan
CQO,賣權,202206,75.0,0,0,nan
CQO,賣權,202206,80.0,0,0,nan
CQO,賣權,202206,85.0,0,0,nan
CQO,買權,202209,55.0,0,0,nan
CQO,買權,202209,60.0,0,0,nan
CQO,買權,202209,65.0,0,0,nan
CQO,買權,202209,70.0,0,0,nan
CQO,買權,202209,75.0,0,0,nan
CQO,買權,202209,80.0,0,0,nan
CQO,賣權,202209,55.0,0,0,nan
CQO,賣權,202209,60.0,0,0,nan
CQO,賣權,202209,65.0,0,0,nan
CQO,賣權,202209,70.0,0,0,nan
CQO,賣權,202209,75.0,0,0,nan
CQO,賣權,202209,80.0,0,0,nan
CRO,買權,202204,25.0,0,0,nan
CRO,買權,202204,26.0,0,0,nan
CRO,買權,202204,27.0,0,0,nan
CRO,買權,202204,28.0,0,0,nan
CRO,買權,202204,29.0,0,0,nan
CRO,買權,202204,30.0,0,0,nan
CRO,買權,202204,31.0,0,0,nan
CRO,買權,202204,32.0,0,0,nan
CRO,買權,202204,33.0,0,0,nan
CRO,買權,202204,34.0,0,0,nan
CRO,買權,202204,35.0,0,0,nan
CRO,買權,202204,36.0,0,0,nan
CRO,賣權,202204,25.0,0,0,nan
CRO,賣權,202204,26.0,0,0,nan
CRO,賣權,202204,27.0,0,0,nan
CRO,賣權,202204,28.0,0,0,nan
CRO,賣權,202204,29.0,0,0,nan
CRO,賣權,202204,30.0,0,0,nan
CRO,賣權,202204,31.0,0,0,nan
CRO,賣權,202204,32.0,0,0,nan
CRO,賣權,202204,33.0,0,0,nan
CRO,賣權,202204,34.0,0,0,nan
CRO,賣權,202204,35.0,0,0,nan
CRO,賣權,202204,36.0,0,0,nan
CRO,買權,202205,25.0,0,0,nan
CRO,買權,202205,26.0,0,0,nan
CRO,買權,202205,27.0,0,0,nan
CRO,買權,202205,28.0,0,0,nan
CRO,買權,202205,29.0,0,0,nan
CRO,買權,202205,30.0,0,0,nan
CRO,買權,202205,31.0,0,0,nan
CRO,買權,202205,32.0,0,0,nan
CRO,買權,202205,33.0,0,0,nan
CRO,買權,202205,34.0,0,0,nan
CRO,買權,202205,35.0,0,0,nan
CRO,買權,202205,36.0,0,0,nan
CRO,賣權,202205,25.0,0,0,nan
CRO,賣權,202205,26.0,0,0,nan
CRO,賣權,202205,27.0,0,0,nan
CRO,賣權,202205,28.0,0,0,nan
CRO,賣權,202205,29.0,0,0,nan
CRO,賣權,202205,30.0,0,0,nan
CRO,賣權,202205,31.0,0,0,nan
CRO,賣權,202205,32.0,0,0,nan
CRO,賣權,202205,33.0,0,0,nan
CRO,賣權,202205,34.0,0,0,nan
CRO,賣權,202205,35.0,0,0,nan
CRO,賣權,202205,36.0,0,0,nan
CRO,買權,202206,23.0,0,0,nan
CRO,買權,202206,24.0,0,0,nan
CRO,買權,202206,25.0,0,0,nan
CRO,買權,202206,26.0,0,0,nan
CRO,買權,202206,28.0,0,0,nan
CRO,買權,202206,30.0,0,0,nan
CRO,買權,202206,32.0,0,0,nan
CRO,買權,202206,34.0,0,0,nan
CRO,買權,202206,36.0,0,0,nan
CRO,賣權,202206,23.0,0,0,nan
CRO,賣權,202206,24.0,0,0,nan
CRO,賣權,202206,25.0,0,0,nan
CRO,賣權,202206,26.0,0,0,nan
CRO,賣權,202206,28.0,0,0,nan
CRO,賣權,202206,30.0,0,0,nan
CRO,賣權,202206,32.0,0,0,nan
CRO,賣權,202206,34.0,0,0,nan
CRO,賣權,202206,36.0,0,0,nan
CRO,買權,202209,23.0,0,0,nan
CRO,買權,202209,24.0,0,0,nan
CRO,買權,202209,25.0,0,0,nan
CRO,買權,202209,26.0,0,0,nan
CRO,買權,202209,28.0,0,0,nan
CRO,買權,202209,30.0,0,0,nan
CRO,買權,202209,32.0,0,0,nan
CRO,買權,202209,34.0,0,0,nan
CRO,買權,202209,36.0,0,0,nan
CRO,賣權,202209,23.0,0,0,nan
CRO,賣權,202209,24.0,0,0,nan
CRO,賣權,202209,25.0,0,0,nan
CRO,賣權,202209,26.0,0,0,nan
CRO,賣權,202209,28.0,0,0,nan
CRO,賣權,202209,30.0,0,0,nan
CRO,賣權,202209,32.0,0,0,nan
CRO,賣權,202209,34.0,0,0,nan
CRO,賣權,202209,36.0,0,0,nan
CSO,買權,202204,22.5,0,0,nan
CSO,買權,202204,23.0,0,0,nan
CSO,買權,202204,23.5,0,0,nan
CSO,買權,202204,24.0,0,0,nan
CSO,買權,202204,24.5,0,0,nan
CSO,買權,202204,25.0,0,0,nan
CSO,買權,202204,26.0,0,0,nan
CSO,買權,202204,27.0,0,0,nan
CSO,買權,202204,28.0,0,0,nan
CSO,買權,202204,29.0,0,0,nan
CSO,買權,202204,30.0,0,0,nan
CSO,買權,202204,31.0,0,0,nan
CSO,買權,202204,32.0,0,0,nan
CSO,買權,202204,33.0,0,0,nan
CSO,買權,202204,34.0,0,0,nan
CSO,買權,202204,35.0,0,0,nan
CSO,買權,202204,36.0,0,0,nan
CSO,賣權,202204,22.5,0,0,nan
CSO,賣權,202204,23.0,0,0,nan
CSO,賣權,202204,23.5,0,0,nan
CSO,賣權,202204,24.0,0,0,nan
CSO,賣權,202204,24.5,0,0,nan
CSO,賣權,202204,25.0,0,0,nan
CSO,賣權,202204,26.0,0,0,nan
CSO,賣權,202204,27.0,0,0,nan
CSO,賣權,202204,28.0,0,0,nan
CSO,賣權,202204,29.0,0,0,nan
CSO,賣權,202204,30.0,0,0,nan
CSO,賣權,202204,31.0,0,0,nan
CSO,賣權,202204,32.0,0,0,nan
CSO,賣權,202204,33.0,0,0,nan
CSO,賣權,202204,34.0,0,0,nan
CSO,賣權,202204,35.0,0,0,nan
CSO,賣權,202204,36.0,0,0,nan
CSO,買權,202205,23.5,0,0,nan
CSO,買權,202205,24.0,0,0,nan
CSO,買權,202205,24.5,0,0,nan
CSO,買權,202205,25.0,0,0,nan
CSO,買權,202205,26.0,0,0,nan
CSO,買權,202205,27.0,0,0,nan
CSO,買權,202205,28.0,0,0,nan
CSO,買權,202205,29.0,0,0,nan
CSO,買權,202205,30.0,0,0,nan
CSO,買權,202205,31.0,0,0,nan
CSO,買權,202205,32.0,0,0,nan
CSO,買權,202205,33.0,0,0,nan
CSO,賣權,202205,23.5,0,0,nan
CSO,賣權,202205,24.0,0,0,nan
CSO,賣權,202205,24.5,0,0,nan
CSO,賣權,202205,25.0,0,0,nan
CSO,賣權,202205,26.0,0,0,nan
CSO,賣權,202205,27.0,0,0,nan
CSO,賣權,202205,28.0,0,0,nan
CSO,賣權,202205,29.0,0,0,nan
CSO,賣權,202205,30.0,0,0,nan
CSO,賣權,202205,31.0,0,0,nan
CSO,賣權,202205,32.0,0,0,nan
CSO,賣權,202205,33.0,0,0,nan
CSO,買權,202206,19.0,0,0,nan
CSO,買權,202206,20.0,0,0,nan
CSO,買權,202206,21.0,0,0,nan
CSO,買權,202206,22.0,0,0,nan
CSO,買權,202206,23.0,0,0,nan
CSO,買權,202206,24.0,0,0,nan
CSO,買權,202206,25.0,0,0,nan
CSO,買權,202206,26.0,0,0,nan
CSO,買權,202206,28.0,0,0,nan
CSO,買權,202206,30.0,0,0,nan
CSO,買權,202206,32.0,0,0,nan
CSO,買權,202206,34.0,0,0,nan
CSO,買權,202206,36.0,0,0,nan
CSO,賣權,202206,19.0,0,0,nan
CSO,賣權,202206,20.0,0,0,nan
CSO,賣權,202206,21.0,0,0,nan
CSO,賣權,202206,22.0,0,0,nan
CSO,賣權,202206,23.0,0,0,nan
CSO,賣權,202206,24.0,0,0,nan
CSO,賣權,202206,25.0,0,0,nan
CSO,賣權,202206,26.0,0,0,nan
CSO,賣權,202206,28.0,0,0,nan
CSO,賣權,202206,30.0,0,0,nan
CSO,賣權,202206,32.0,0,0,nan
CSO,賣權,202206,34.0,0,0,nan
CSO,賣權,202206,36.0,0,0,nan
CSO,買權,202209,21.0,0,0,nan
CSO,買權,202209,22.0,0,0,nan
CSO,買權,202209,23.0,0,0,nan
CSO,買權,202209,24.0,0,0,nan
CSO,買權,202209,25.0,0,0,nan
CSO,買權,202209,26.0,0,0,nan
CSO,買權,202209,28.0,0,0,nan
CSO,買權,202209,30.0,0,0,nan
CSO,買權,202209,32.0,0,0,nan
CSO,買權,202209,34.0,0,0,nan
CSO,賣權,202209,21.0,0,0,nan
CSO,賣權,202209,22.0,0,0,nan
CSO,賣權,202209,23.0,0,0,nan
CSO,賣權,202209,24.0,0,0,nan
CSO,賣權,202209,25.0,0,0,nan
CSO,賣權,202209,26.0,0,0,nan
CSO,賣權,202209,28.0,0,0,nan
CSO,賣權,202209,30.0,0,0,nan
CSO,賣權,202209,32.0,0,0,nan
CSO,賣權,202209,34.0,0,0,nan
CZO,買權,202204,110.0,0,0,nan
CZO,買權,202204,115.0,0,0,nan
CZO,買權,202204,120.0,0,0,nan
CZO,買權,202204,125.0,0,0,nan
CZO,買權,202204,130.0,0,0,nan
CZO,買權,202204,135.0,0,0,nan
CZO,買權,202204,140.0,0,0,nan
CZO,買權,202204,145.0,2,0,9999.99
CZO,買權,202204,150.0,0,0,nan
CZO,買權,202204,155.0,0,0,nan
CZO,買權,202204,160.0,2,0,9999.99
CZO,買權,202204,165.0,0,0,nan
CZO,買權,202204,170.0,0,0,nan
CZO,買權,202204,175.0,0,0,nan
CZO,買權,202204,180.0,0,0,nan
CZO,買權,202204,185.0,0,0,nan
CZO,買權,202204,190.0,0,0,nan
CZO,賣權,202204,110.0,0,0,nan
CZO,賣權,202204,115.0,0,0,nan
CZO,賣權,202204,120.0,0,0,nan
CZO,賣權,202204,125.0,0,0,nan
CZO,賣權,202204,130.0,8,0,9999.99
CZO,賣權,202204,135.0,0,0,nan
CZO,賣權,202204,140.0,0,0,nan
CZO,賣權,202204,145.0,0,0,nan
CZO,賣權,202204,150.0,2,0,9999.99
CZO,賣權,202204,155.0,0,0,nan
CZO,賣權,202204,160.0,0,0,nan
CZO,賣權,202204,165.0,0,0,nan
CZO,賣權,202204,170.0,0,0,nan
CZO,賣權,202204,175.0,0,0,nan
CZO,賣權,202204,180.0,0,0,nan
CZO,賣權,202204,185.0,0,0,nan
CZO,賣權,202204,190.0,0,0,nan
CZO,買權,202205,120.0,0,0,nan
CZO,買權,202205,125.0,0,0,nan
CZO,買權,202205,130.0,0,0,nan
CZO,買權,202205,135.0,0,0,nan
CZO,買權,202205,140.0,0,0,nan
CZO,買權,202205,145.0,0,0,nan
CZO,買權,202205,150.0,0,0,nan
CZO,買權,202205,155.0,0,0,nan
CZO,買權,202205,160.0,0,0,nan
CZO,買權,202205,165.0,0,0,nan
CZO,賣權,202205,120.0,0,0,nan
CZO,賣權,202205,125.0,0,0,nan
CZO,賣權,202205,130.0,0,0,nan
CZO,賣權,202205,135.0,0,0,nan
CZO,賣權,202205,140.0,0,0,nan
CZO,賣權,202205,145.0,0,0,nan
CZO,賣權,202205,150.0,0,0,nan
CZO,賣權,202205,155.0,0,0,nan
CZO,賣權,202205,160.0,0,0,nan
CZO,賣權,202205,165.0,0,0,nan
CZO,買權,202206,100.0,0,0,nan
CZO,買權,202206,110.0,0,0,nan
CZO,買權,202206,120.0,0,0,nan
CZO,買權,202206,130.0,0,0,nan
CZO,買權,202206,140.0,0,0,nan
CZO,買權,202206,150.0,0,0,nan
CZO,買權,202206,160.0,0,0,nan
CZO,買權,202206,170.0,0,0,nan
CZO,買權,202206,180.0,0,0,nan
CZO,買權,202206,190.0,0,0,nan
CZO,買權,202206,75.0,0,0,nan
CZO,買權,202206,80.0,0,0,nan
CZO,買權,202206,85.0,0,0,nan
CZO,買權,202206,90.0,0,0,nan
CZO,買權,202206,95.0,0,0,nan
CZO,賣權,202206,100.0,0,0,nan
CZO,賣權,202206,110.0,0,0,nan
CZO,賣權,202206,120.0,0,0,nan
CZO,賣權,202206,130.0,0,0,nan
CZO,賣權,202206,140.0,0,0,nan
CZO,賣權,202206,150.0,0,0,nan
CZO,賣權,202206,160.0,0,0,nan
CZO,賣權,202206,170.0,0,0,nan
CZO,賣權,202206,180.0,0,0,nan
CZO,賣權,202206,190.0,0,0,nan
CZO,賣權,202206,75.0,0,0,nan
CZO,賣權,202206,80.0,0,0,nan
CZO,賣權,202206,85.0,0,0,nan
CZO,賣權,202206,90.0,0,0,nan
CZO,賣權,202206,95.0,0,0,nan
CZO,買權,202209,100.0,0,0,nan
CZO,買權,202209,110.0,0,0,nan
CZO,買權,202209,120.0,0,0,nan
CZO,買權,202209,130.0,0,0,nan
CZO,買權,202209,140.0,0,0,nan
CZO,買權,202209,150.0,0,0,nan
CZO,買權,202209,160.0,0,0,nan
CZO,買權,202209,170.0,0,0,nan
CZO,買權,202209,75.0,0,0,nan
CZO,買權,202209,80.0,0,0,nan
CZO,買權,202209,85.0,0,0,nan
CZO,買權,202209,90.0,0,0,nan
CZO,買權,202209,95.0,0,0,nan
CZO,賣權,202209,100.0,0,0,nan
CZO,賣權,202209,110.0,0,0,nan
CZO,賣權,202209,120.0,0,0,nan
CZO,賣權,202209,130.0,0,0,nan
CZO,賣權,202209,140.0,0,0,nan
CZO,賣權,202209,150.0,0,0,nan
CZO,賣權,202209,160.0,0,0,nan
CZO,賣權,202209,170.0,0,0,nan
CZO,賣權,202209,75.0,0,0,nan
CZO,賣權,202209,80.0,0,0,nan
CZO,賣權,202209,85.0,0,0,nan
CZO,賣權,202209,90.0,0,0,nan
CZO,賣權,202209,95.0,0,0,nan
DCO,買權,202204,14.5,0,0,nan
DCO,買權,202204,15.0,0,0,nan
DCO,買權,202204,15.5,0,0,nan
DCO,買權,202204,16.0,0,0,nan
DCO,買權,202204,16.5,0,0,nan
DCO,買權,202204,17.0,0,0,nan
DCO,買權,202204,17.5,0,0,nan
DCO,買權,202204,18.0,0,0,nan
DCO,買權,202204,18.5,0,0,nan
DCO,買權,202204,19.0,0,0,nan
DCO,買權,202204,19.5,0,0,nan
DCO,買權,202204,20.0,0,0,nan
DCO,買權,202204,20.5,0,0,nan
DCO,買權,202204,21.0,0,0,nan
DCO,賣權,202204,14.5,0,0,nan
DCO,賣權,202204,15.0,0,0,nan
DCO,賣權,202204,15.5,0,0,nan
DCO,賣權,202204,16.0,0,0,nan
DCO,賣權,202204,16.5,0,0,nan
DCO,賣權,202204,17.0,0,0,nan
DCO,賣權,202204,17.5,0,0,nan
DCO,賣權,202204,18.0,0,0,nan
DCO,賣權,202204,18.5,0,0,nan
DCO,賣權,202204,19.0,0,0,nan
DCO,賣權,202204,19.5,0,0,nan
DCO,賣權,202204,20.0,0,0,nan
DCO,賣權,202204,20.5,0,0,nan
DCO,賣權,202204,21.0,0,0,nan
DCO,買權,202205,15.0,0,0,nan
DCO,買權,202205,15.5,0,0,nan
DCO,買權,202205,16.0,0,0,nan
DCO,買權,202205,16.5,0,0,nan
DCO,買權,202205,17.0,0,0,nan
DCO,買權,202205,17.5,0,0,nan
DCO,買權,202205,18.0,0,0,nan
DCO,買權,202205,18.5,0,0,nan
DCO,買權,202205,19.0,0,0,nan
DCO,買權,202205,19.5,0,0,nan
DCO,買權,202205,20.0,0,0,nan
DCO,買權,202205,20.5,0,0,nan
DCO,買權,202205,21.0,0,0,nan
DCO,賣權,202205,15.0,0,0,nan
DCO,賣權,202205,15.5,0,0,nan
DCO,賣權,202205,16.0,0,0,nan
DCO,賣權,202205,16.5,0,0,nan
DCO,賣權,202205,17.0,0,0,nan
DCO,賣權,202205,17.5,0,0,nan
DCO,賣權,202205,18.0,0,0,nan
DCO,賣權,202205,18.5,0,0,nan
DCO,賣權,202205,19.0,0,0,nan
DCO,賣權,202205,19.5,0,0,nan
DCO,賣權,202205,20.0,0,0,nan
DCO,賣權,202205,20.5,0,0,nan
DCO,賣權,202205,21.0,0,0,nan
DCO,買權,202206,13.0,0,0,nan
DCO,買權,202206,14.0,0,0,nan
DCO,買權,202206,15.0,0,0,nan
DCO,買權,202206,16.0,0,0,nan
DCO,買權,202206,17.0,0,0,nan
DCO,買權,202206,18.0,0,0,nan
DCO,買權,202206,19.0,0,0,nan
DCO,買權,202206,20.0,0,0,nan
DCO,買權,202206,21.0,0,0,nan
DCO,賣權,202206,13.0,0,0,nan
DCO,賣權,202206,14.0,0,0,nan
DCO,賣權,202206,15.0,0,0,nan
DCO,賣權,202206,16.0,0,0,nan
DCO,賣權,202206,17.0,0,0,nan
DCO,賣權,202206,18.0,0,0,nan
DCO,賣權,202206,19.0,0,0,nan
DCO,賣權,202206,20.0,0,0,nan
DCO,賣權,202206,21.0,0,0,nan
DCO,買權,202209,13.0,0,0,nan
DCO,買權,202209,14.0,0,0,nan
DCO,買權,202209,15.0,0,0,nan
DCO,買權,202209,16.0,0,0,nan
DCO,買權,202209,17.0,0,0,nan
DCO,買權,202209,18.0,0,0,nan
DCO,買權,202209,19.0,0,0,nan
DCO,買權,202209,20.0,0,0,nan
DCO,賣權,202209,13.0,0,0,nan
DCO,賣權,202209,14.0,0,0,nan
DCO,賣權,202209,15.0,0,0,nan
DCO,賣權,202209,16.0,0,0,nan
DCO,賣權,202209,17.0,0,0,nan
DCO,賣權,202209,18.0,0,0,nan
DCO,賣權,202209,19.0,0,0,nan
DCO,賣權,202209,20.0,0,0,nan
DEO,買權,202204,13.5,0,0,nan
DEO,買權,202204,14.0,0,0,nan
DEO,買權,202204,14.5,0,0,nan
DEO,買權,202204,15.0,0,0,nan
DEO,買權,202204,15.5,0,0,nan
DEO,買權,202204,16.0,0,0,nan
DEO,買權,202204,16.5,0,0,nan
DEO,買權,202204,17.0,0,0,nan
DEO,買權,202204,17.5,0,0,nan
DEO,買權,202204,18.0,0,0,nan
DEO,買權,202204,18.5,0,0,nan
DEO,買權,202204,19.0,0,0,nan
DEO,買權,202204,19.5,0,0,nan
DEO,買權,202204,20.0,0,0,nan
DEO,買權,202204,20.5,0,0,nan
DEO,賣權,202204,13.5,0,0,nan
DEO,賣權,202204,14.0,0,0,nan
DEO,賣權,202204,14.5,0,0,nan
DEO,賣權,202204,15.0,0,0,nan
DEO,賣權,202204,15.5,0,0,nan
DEO,賣權,202204,16.0,0,0,nan
DEO,賣權,202204,16.5,0,0,nan
DEO,賣權,202204,17.0,0,0,nan
DEO,賣權,202204,17.5,0,0,nan
DEO,賣權,202204,18.0,0,0,nan
DEO,賣權,202204,18.5,0,0,nan
DEO,賣權,202204,19.0,0,0,nan
DEO,賣權,202204,19.5,0,0,nan
DEO,賣權,202204,20.0,0,0,nan
DEO,賣權,202204,20.5,0,0,nan
DEO,買權,202205,14.5,0,0,nan
DEO,買權,202205,15.0,0,0,nan
DEO,買權,202205,15.5,0,0,nan
DEO,買權,202205,16.0,0,0,nan
DEO,買權,202205,16.5,0,0,nan
DEO,買權,202205,17.0,0,0,nan
DEO,買權,202205,17.5,0,0,nan
DEO,買權,202205,18.0,0,0,nan
DEO,買權,202205,18.5,0,0,nan
DEO,買權,202205,19.0,0,0,nan
DEO,買權,202205,19.5,0,0,nan
DEO,買權,202205,20.0,0,0,nan
DEO,賣權,202205,14.5,0,0,nan
DEO,賣權,202205,15.0,0,0,nan
DEO,賣權,202205,15.5,0,0,nan
DEO,賣權,202205,16.0,0,0,nan
DEO,賣權,202205,16.5,0,0,nan
DEO,賣權,202205,17.0,0,0,nan
DEO,賣權,202205,17.5,0,0,nan
DEO,賣權,202205,18.0,0,0,nan
DEO,賣權,202205,18.5,0,0,nan
DEO,賣權,202205,19.0,0,0,nan
DEO,賣權,202205,19.5,0,0,nan
DEO,賣權,202205,20.0,0,0,nan
DEO,買權,202206,11.0,0,0,nan
DEO,買權,202206,12.0,0,0,nan
DEO,買權,202206,13.0,0,0,nan
DEO,買權,202206,14.0,0,0,nan
DEO,買權,202206,15.0,0,0,nan
DEO,買權,202206,16.0,0,0,nan
DEO,買權,202206,17.0,0,0,nan
DEO,買權,202206,18.0,0,0,nan
DEO,買權,202206,19.0,0,0,nan
DEO,買權,202206,20.0,0,0,nan
DEO,買權,202206,21.0,0,0,nan
DEO,賣權,202206,11.0,0,0,nan
DEO,賣權,202206,12.0,0,0,nan
DEO,賣權,202206,13.0,0,0,nan
DEO,賣權,202206,14.0,0,0,nan
DEO,賣權,202206,15.0,0,0,nan
DEO,賣權,202206,16.0,0,0,nan
DEO,賣權,202206,17.0,0,0,nan
DEO,賣權,202206,18.0,0,0,nan
DEO,賣權,202206,19.0,0,0,nan
DEO,賣權,202206,20.0,0,0,nan
DEO,賣權,202206,21.0,0,0,nan
DEO,買權,202209,11.0,0,0,nan
DEO,買權,202209,12.0,0,0,nan
DEO,買權,202209,13.0,0,0,nan
DEO,買權,202209,14.0,0,0,nan
DEO,買權,202209,15.0,0,0,nan
DEO,買權,202209,16.0,0,0,nan
DEO,買權,202209,17.0,0,0,nan
DEO,買權,202209,18.0,0,0,nan
DEO,買權,202209,19.0,0,0,nan
DEO,賣權,202209,11.0,0,0,nan
DEO,賣權,202209,12.0,0,0,nan
DEO,賣權,202209,13.0,0,0,nan
DEO,賣權,202209,14.0,0,0,nan
DEO,賣權,202209,15.0,0,0,nan
DEO,賣權,202209,16.0,0,0,nan
DEO,賣權,202209,17.0,0,0,nan
DEO,賣權,202209,18.0,0,0,nan
DEO,賣權,202209,19.0,0,0,nan
DFO,買權,202204,39.0,0,0,nan
DFO,買權,202204,40.0,0,0,nan
DFO,買權,202204,41.0,0,0,nan
DFO,買權,202204,42.0,0,0,nan
DFO,買權,202204,43.0,0,0,nan
DFO,買權,202204,44.0,0,0,nan
DFO,買權,202204,45.0,0,0,nan
DFO,買權,202204,46.0,0,0,nan
DFO,買權,202204,47.0,0,0,nan
DFO,買權,202204,48.0,0,0,nan
DFO,買權,202204,49.0,0,0,nan
DFO,買權,202204,50.0,0,0,nan
DFO,買權,202204,52.5,0,0,nan
DFO,買權,202204,55.0,0,0,nan
DFO,買權,202204,57.5,0,0,nan
DFO,賣權,202204,39.0,0,0,nan
DFO,賣權,202204,40.0,0,0,nan
DFO,賣權,202204,41.0,0,0,nan
DFO,賣權,202204,42.0,0,0,nan
DFO,賣權,202204,43.0,0,0,nan
DFO,賣權,202204,44.0,0,0,nan
DFO,賣權,202204,45.0,0,0,nan
DFO,賣權,202204,46.0,0,0,nan
DFO,賣權,202204,47.0,0,0,nan
DFO,賣權,202204,48.0,0,0,nan
DFO,賣權,202204,49.0,0,0,nan
DFO,賣權,202204,50.0,0,0,nan
DFO,賣權,202204,52.5,0,0,nan
DFO,賣權,202204,55.0,0,0,nan
DFO,賣權,202204,57.5,0,0,nan
DFO,買權,202205,40.0,0,0,nan
DFO,買權,202205,41.0,0,0,nan
DFO,買權,202205,42.0,0,0,nan
DFO,買權,202205,43.0,0,0,nan
DFO,買權,202205,44.0,0,0,nan
DFO,買權,202205,45.0,0,0,nan
DFO,買權,202205,46.0,0,0,nan
DFO,買權,202205,47.0,0,0,nan
DFO,買權,202205,48.0,0,0,nan
DFO,買權,202205,49.0,0,0,nan
DFO,買權,202205,50.0,0,0,nan
DFO,買權,202205,52.5,0,0,nan
DFO,買權,202205,55.0,0,0,nan
DFO,買權,202205,57.5,0,0,nan
DFO,賣權,202205,40.0,0,0,nan
DFO,賣權,202205,41.0,0,0,nan
DFO,賣權,202205,42.0,0,0,nan
DFO,賣權,202205,43.0,0,0,nan
DFO,賣權,202205,44.0,0,0,nan
DFO,賣權,202205,45.0,0,0,nan
DFO,賣權,202205,46.0,0,0,nan
DFO,賣權,202205,47.0,0,0,nan
DFO,賣權,202205,48.0,0,0,nan
DFO,賣權,202205,49.0,0,0,nan
DFO,賣權,202205,50.0,0,0,nan
DFO,賣權,202205,52.5,0,0,nan
DFO,賣權,202205,55.0,0,0,nan
DFO,賣權,202205,57.5,0,0,nan
DFO,買權,202206,38.0,0,0,nan
DFO,買權,202206,40.0,0,0,nan
DFO,買權,202206,42.0,0,0,nan
DFO,買權,202206,44.0,0,0,nan
DFO,買權,202206,46.0,0,0,nan
DFO,買權,202206,48.0,0,0,nan
DFO,買權,202206,50.0,0,0,nan
DFO,買權,202206,55.0,0,0,nan
DFO,買權,202206,60.0,0,0,nan
DFO,賣權,202206,38.0,0,0,nan
DFO,賣權,202206,40.0,0,0,nan
DFO,賣權,202206,42.0,0,0,nan
DFO,賣權,202206,44.0,0,0,nan
DFO,賣權,202206,46.0,0,0,nan
DFO,賣權,202206,48.0,0,0,nan
DFO,賣權,202206,50.0,0,0,nan
DFO,賣權,202206,55.0,0,0,nan
DFO,賣權,202206,60.0,0,0,nan
DFO,買權,202209,38.0,0,0,nan
DFO,買權,202209,40.0,0,0,nan
DFO,買權,202209,42.0,0,0,nan
DFO,買權,202209,44.0,0,0,nan
DFO,買權,202209,46.0,0,0,nan
DFO,買權,202209,48.0,0,0,nan
DFO,買權,202209,50.0,0,0,nan
DFO,買權,202209,55.0,0,0,nan
DFO,買權,202209,60.0,0,0,nan
DFO,賣權,202209,38.0,0,0,nan
DFO,賣權,202209,40.0,0,0,nan
DFO,賣權,202209,42.0,0,0,nan
DFO,賣權,202209,44.0,0,0,nan
DFO,賣權,202209,46.0,0,0,nan
DFO,賣權,202209,48.0,0,0,nan
DFO,賣權,202209,50.0,0,0,nan
DFO,賣權,202209,55.0,0,0,nan
DFO,賣權,202209,60.0,0,0,nan
DGO,買權,202204,65.0,0,0,nan
DGO,買權,202204,67.5,0,0,nan
DGO,買權,202204,70.0,0,0,nan
DGO,買權,202204,72.5,0,0,nan
DGO,買權,202204,75.0,0,0,nan
DGO,買權,202204,77.5,0,0,nan
DGO,買權,202204,80.0,0,0,nan
DGO,買權,202204,82.5,0,0,nan
DGO,買權,202204,85.0,0,0,nan
DGO,買權,202204,87.5,0,0,nan
DGO,買權,202204,90.0,0,0,nan
DGO,買權,202204,92.5,0,0,nan
DGO,買權,202204,95.0,0,0,nan
DGO,賣權,202204,65.0,0,0,nan
DGO,賣權,202204,67.5,0,0,nan
DGO,賣權,202204,70.0,0,0,nan
DGO,賣權,202204,72.5,0,0,nan
DGO,賣權,202204,75.0,0,0,nan
DGO,賣權,202204,77.5,0,0,nan
DGO,賣權,202204,80.0,0,0,nan
DGO,賣權,202204,82.5,0,0,nan
DGO,賣權,202204,85.0,0,0,nan
DGO,賣權,202204,87.5,0,0,nan
DGO,賣權,202204,90.0,0,0,nan
DGO,賣權,202204,92.5,0,0,nan
DGO,賣權,202204,95.0,0,0,nan
DGO,買權,202205,67.5,0,0,nan
DGO,買權,202205,70.0,0,0,nan
DGO,買權,202205,72.5,0,0,nan
DGO,買權,202205,75.0,0,0,nan
DGO,買權,202205,77.5,0,0,nan
DGO,買權,202205,80.0,0,0,nan
DGO,買權,202205,82.5,0,0,nan
DGO,買權,202205,85.0,0,0,nan
DGO,買權,202205,87.5,0,0,nan
DGO,買權,202205,90.0,0,0,nan
DGO,買權,202205,92.5,0,0,nan
DGO,賣權,202205,67.5,0,0,nan
DGO,賣權,202205,70.0,0,0,nan
DGO,賣權,202205,72.5,0,0,nan
DGO,賣權,202205,75.0,0,0,nan
DGO,賣權,202205,77.5,0,0,nan
DGO,賣權,202205,80.0,0,0,nan
DGO,賣權,202205,82.5,0,0,nan
DGO,賣權,202205,85.0,0,0,nan
DGO,賣權,202205,87.5,0,0,nan
DGO,賣權,202205,90.0,0,0,nan
DGO,賣權,202205,92.5,0,0,nan
DGO,買權,202206,100.0,0,0,nan
DGO,買權,202206,65.0,0,0,nan
DGO,買權,202206,70.0,0,0,nan
DGO,買權,202206,75.0,0,0,nan
DGO,買權,202206,80.0,0,0,nan
DGO,買權,202206,85.0,0,0,nan
DGO,買權,202206,90.0,0,0,nan
DGO,買權,202206,95.0,0,0,nan
DGO,賣權,202206,100.0,0,0,nan
DGO,賣權,202206,65.0,0,0,nan
DGO,賣權,202206,70.0,0,0,nan
DGO,賣權,202206,75.0,0,0,nan
DGO,賣權,202206,80.0,0,0,nan
DGO,賣權,202206,85.0,0,0,nan
DGO,賣權,202206,90.0,0,0,nan
DGO,賣權,202206,95.0,0,0,nan
DGO,買權,202209,65.0,0,0,nan
DGO,買權,202209,70.0,0,0,nan
DGO,買權,202209,75.0,0,0,nan
DGO,買權,202209,80.0,0,0,nan
DGO,買權,202209,85.0,0,0,nan
DGO,買權,202209,90.0,0,0,nan
DGO,買權,202209,95.0,0,0,nan
DGO,賣權,202209,65.0,0,0,nan
DGO,賣權,202209,70.0,0,0,nan
DGO,賣權,202209,75.0,0,0,nan
DGO,賣權,202209,80.0,0,0,nan
DGO,賣權,202209,85.0,0,0,nan
DGO,賣權,202209,90.0,0,0,nan
DGO,賣權,202209,95.0,0,0,nan
DHO,買權,202204,100.0,4,1,4.0
DHO,買權,202204,105.0,8,0,9999.99
DHO,買權,202204,110.0,10,1,10.0
DHO,買權,202204,115.0,2,0,9999.99
DHO,買權,202204,120.0,0,0,nan
DHO,買權,202204,125.0,0,0,nan
DHO,買權,202204,85.0,0,0,nan
DHO,買權,202204,87.5,0,0,nan
DHO,買權,202204,90.0,0,0,nan
DHO,買權,202204,92.5,0,0,nan
DHO,買權,202204,95.0,0,0,nan
DHO,買權,202204,97.5,0,0,nan
DHO,賣權,202204,100.0,38,0,9999.99
DHO,賣權,202204,105.0,4,0,9999.99
DHO,賣權,202204,110.0,0,0,nan
DHO,賣權,202204,115.0,0,0,nan
DHO,賣權,202204,120.0,0,0,nan
DHO,賣權,202204,125.0,0,0,nan
DHO,賣權,202204,85.0,0,0,nan
DHO,賣權,202204,87.5,0,0,nan
DHO,賣權,202204,90.0,0,0,nan
DHO,賣權,202204,92.5,0,0,nan
DHO,賣權,202204,95.0,2,0,9999.99
DHO,賣權,202204,97.5,2,0,9999.99
DHO,買權,202205,100.0,0,0,nan
DHO,買權,202205,105.0,0,0,nan
DHO,買權,202205,110.0,0,0,nan
DHO,買權,202205,115.0,0,0,nan
DHO,買權,202205,120.0,0,0,nan
DHO,買權,202205,85.0,0,0,nan
DHO,買權,202205,87.5,0,0,nan
DHO,買權,202205,90.0,0,0,nan
DHO,買權,202205,92.5,0,0,nan
DHO,買權,202205,95.0,0,0,nan
DHO,買權,202205,97.5,0,0,nan
DHO,賣權,202205,100.0,0,0,nan
DHO,賣權,202205,105.0,0,0,nan
DHO,賣權,202205,110.0,0,0,nan
DHO,賣權,202205,115.0,0,0,nan
DHO,賣權,202205,120.0,0,0,nan
DHO,賣權,202205,85.0,0,0,nan
DHO,賣權,202205,87.5,0,0,nan
DHO,賣權,202205,90.0,0,0,nan
DHO,賣權,202205,92.5,0,0,nan
DHO,賣權,202205,95.0,0,0,nan
DHO,賣權,202205,97.5,2,2,1.0
DHO,買權,202206,100.0,0,0,nan
DHO,買權,202206,110.0,0,0,nan
DHO,買權,202206,120.0,0,0,nan
DHO,買權,202206,130.0,0,0,nan
DHO,買權,202206,85.0,0,0,nan
DHO,買權,202206,90.0,0,0,nan
DHO,買權,202206,95.0,0,0,nan
DHO,賣權,202206,100.0,0,0,nan
DHO,賣權,202206,110.0,0,0,nan
DHO,賣權,202206,120.0,0,0,nan
DHO,賣權,202206,130.0,0,0,nan
DHO,賣權,202206,85.0,0,0,nan
DHO,賣權,202206,90.0,0,0,nan
DHO,賣權,202206,95.0,0,0,nan
DHO,買權,202209,100.0,0,0,nan
DHO,買權,202209,110.0,0,0,nan
DHO,買權,202209,120.0,0,0,nan
DHO,買權,202209,130.0,0,0,nan
DHO,買權,202209,85.0,0,0,nan
DHO,買權,202209,90.0,0,0,nan
DHO,買權,202209,95.0,0,0,nan
DHO,賣權,202209,100.0,0,0,nan
DHO,賣權,202209,110.0,0,0,nan
DHO,賣權,202209,120.0,0,0,nan
DHO,賣權,202209,130.0,0,0,nan
DHO,賣權,202209,85.0,0,0,nan
DHO,賣權,202209,90.0,0,0,nan
DHO,賣權,202209,95.0,0,0,nan
DJO,買權,202204,300.0,0,0,nan
DJO,買權,202204,310.0,0,0,nan
DJO,買權,202204,320.0,0,0,nan
DJO,買權,202204,330.0,0,0,nan
DJO,買權,202204,340.0,0,0,nan
DJO,買權,202204,350.0,0,0,nan
DJO,買權,202204,360.0,0,0,nan
DJO,買權,202204,370.0,0,0,nan
DJO,買權,202204,380.0,0,0,nan
DJO,買權,202204,390.0,0,0,nan
DJO,買權,202204,400.0,0,0,nan
DJO,買權,202204,410.0,0,0,nan
DJO,買權,202204,420.0,0,0,nan
DJO,買權,202204,430.0,0,0,nan
DJO,買權,202204,440.0,0,0,nan
DJO,賣權,202204,300.0,0,0,nan
DJO,賣權,202204,310.0,0,0,nan
DJO,賣權,202204,320.0,0,0,nan
DJO,賣權,202204,330.0,0,0,nan
DJO,賣權,202204,340.0,0,0,nan
DJO,賣權,202204,350.0,0,0,nan
DJO,賣權,202204,360.0,0,0,nan
DJO,賣權,202204,370.0,0,0,nan
DJO,賣權,202204,380.0,0,0,nan
DJO,賣權,202204,390.0,0,0,nan
DJO,賣權,202204,400.0,0,0,nan
DJO,賣權,202204,410.0,0,0,nan
DJO,賣權,202204,420.0,0,0,nan
DJO,賣權,202204,430.0,0,0,nan
DJO,賣權,202204,440.0,0,0,nan
DJO,買權,202205,320.0,0,0,nan
DJO,買權,202205,330.0,0,0,nan
DJO,買權,202205,340.0,0,0,nan
DJO,買權,202205,350.0,0,0,nan
DJO,買權,202205,360.0,0,0,nan
DJO,買權,202205,370.0,0,0,nan
DJO,買權,202205,380.0,0,0,nan
DJO,買權,202205,390.0,0,0,nan
DJO,買權,202205,400.0,0,0,nan
DJO,買權,202205,410.0,0,0,nan
DJO,買權,202205,420.0,0,0,nan
DJO,買權,202205,430.0,0,0,nan
DJO,買權,202205,440.0,0,0,nan
DJO,賣權,202205,320.0,0,0,nan
DJO,賣權,202205,330.0,0,0,nan
DJO,賣權,202205,340.0,0,0,nan
DJO,賣權,202205,350.0,0,0,nan
DJO,賣權,202205,360.0,0,0,nan
DJO,賣權,202205,370.0,0,0,nan
DJO,賣權,202205,380.0,0,0,nan
DJO,賣權,202205,390.0,0,0,nan
DJO,賣權,202205,400.0,0,0,nan
DJO,賣權,202205,410.0,0,0,nan
DJO,賣權,202205,420.0,0,0,nan
DJO,賣權,202205,430.0,0,0,nan
DJO,賣權,202205,440.0,0,0,nan
DJO,買權,202206,260.0,0,0,nan
DJO,買權,202206,280.0,0,0,nan
DJO,買權,202206,300.0,0,0,nan
DJO,買權,202206,320.0,0,0,nan
DJO,買權,202206,340.0,0,0,nan
DJO,買權,202206,360.0,0,0,nan
DJO,買權,202206,380.0,0,0,nan
DJO,買權,202206,400.0,0,0,nan
DJO,買權,202206,420.0,0,0,nan
DJO,買權,202206,440.0,0,0,nan
DJO,賣權,202206,260.0,0,0,nan
DJO,賣權,202206,280.0,0,0,nan
DJO,賣權,202206,300.0,0,0,nan
DJO,賣權,202206,320.0,0,0,nan
DJO,賣權,202206,340.0,0,0,nan
DJO,賣權,202206,360.0,0,0,nan
DJO,賣權,202206,380.0,0,0,nan
DJO,賣權,202206,400.0,0,0,nan
DJO,賣權,202206,420.0,0,0,nan
DJO,賣權,202206,440.0,0,0,nan
DJO,買權,202209,280.0,0,0,nan
DJO,買權,202209,300.0,0,0,nan
DJO,買權,202209,320.0,0,0,nan
DJO,買權,202209,340.0,0,0,nan
DJO,買權,202209,360.0,0,0,nan
DJO,買權,202209,380.0,0,0,nan
DJO,買權,202209,400.0,0,0,nan
DJO,買權,202209,420.0,0,0,nan
DJO,買權,202209,440.0,0,0,nan
DJO,賣權,202209,280.0,0,0,nan
DJO,賣權,202209,300.0,0,0,nan
DJO,賣權,202209,320.0,0,0,nan
DJO,賣權,202209,340.0,0,0,nan
DJO,賣權,202209,360.0,0,0,nan
DJO,賣權,202209,380.0,0,0,nan
DJO,賣權,202209,400.0,0,0,nan
DJO,賣權,202209,420.0,0,0,nan
DJO,賣權,202209,440.0,0,0,nan
DKO,買權,202204,100.0,0,0,nan
DKO,買權,202204,105.0,0,0,nan
DKO,買權,202204,110.0,0,0,nan
DKO,買權,202204,75.0,0,0,nan
DKO,買權,202204,77.5,0,0,nan
DKO,買權,202204,80.0,0,0,nan
DKO,買權,202204,82.5,0,0,nan
DKO,買權,202204,85.0,0,0,nan
DKO,買權,202204,87.5,0,0,nan
DKO,買權,202204,90.0,0,0,nan
DKO,買權,202204,92.5,0,0,nan
DKO,買權,202204,95.0,0,0,nan
DKO,買權,202204,97.5,0,0,nan
DKO,賣權,202204,100.0,0,0,nan
DKO,賣權,202204,105.0,0,0,nan
DKO,賣權,202204,110.0,0,0,nan
DKO,賣權,202204,75.0,0,0,nan
DKO,賣權,202204,77.5,0,0,nan
DKO,賣權,202204,80.0,0,0,nan
DKO,賣權,202204,82.5,0,0,nan
DKO,賣權,202204,85.0,0,0,nan
DKO,賣權,202204,87.5,0,0,nan
DKO,賣權,202204,90.0,0,0,nan
DKO,賣權,202204,92.5,0,0,nan
DKO,賣權,202204,95.0,0,0,nan
DKO,賣權,202204,97.5,0,0,nan
DKO,買權,202205,100.0,0,0,nan
DKO,買權,202205,105.0,0,0,nan
DKO,買權,202205,110.0,0,0,nan
DKO,買權,202205,77.5,0,0,nan
DKO,買權,202205,80.0,0,0,nan
DKO,買權,202205,82.5,0,0,nan
DKO,買權,202205,85.0,0,0,nan
DKO,買權,202205,87.5,0,0,nan
DKO,買權,202205,90.0,0,0,nan
DKO,買權,202205,92.5,0,0,nan
DKO,買權,202205,95.0,0,0,nan
DKO,買權,202205,97.5,0,0,nan
DKO,賣權,202205,100.0,0,0,nan
DKO,賣權,202205,105.0,0,0,nan
DKO,賣權,202205,110.0,0,0,nan
DKO,賣權,202205,77.5,0,0,nan
DKO,賣權,202205,80.0,0,0,nan
DKO,賣權,202205,82.5,0,0,nan
DKO,賣權,202205,85.0,0,0,nan
DKO,賣權,202205,87.5,0,0,nan
DKO,賣權,202205,90.0,0,0,nan
DKO,賣權,202205,92.5,0,0,nan
DKO,賣權,202205,95.0,0,0,nan
DKO,賣權,202205,97.5,0,0,nan
DKO,買權,202206,100.0,0,0,nan
DKO,買權,202206,110.0,0,0,nan
DKO,買權,202206,120.0,0,0,nan
DKO,買權,202206,60.0,0,0,nan
DKO,買權,202206,65.0,0,0,nan
DKO,買權,202206,70.0,0,0,nan
DKO,買權,202206,75.0,0,0,nan
DKO,買權,202206,80.0,0,0,nan
DKO,買權,202206,85.0,0,0,nan
DKO,買權,202206,90.0,0,0,nan
DKO,買權,202206,95.0,0,0,nan
DKO,賣權,202206,100.0,0,0,nan
DKO,賣權,202206,110.0,0,0,nan
DKO,賣權,202206,120.0,0,0,nan
DKO,賣權,202206,60.0,0,0,nan
DKO,賣權,202206,65.0,0,0,nan
DKO,賣權,202206,70.0,0,0,nan
DKO,賣權,202206,75.0,0,0,nan
DKO,賣權,202206,80.0,0,0,nan
DKO,賣權,202206,85.0,0,0,nan
DKO,賣權,202206,90.0,0,0,nan
DKO,賣權,202206,95.0,0,0,nan
DKO,買權,202209,100.0,0,0,nan
DKO,買權,202209,110.0,0,0,nan
DKO,買權,202209,65.0,0,0,nan
DKO,買權,202209,70.0,0,0,nan
DKO,買權,202209,75.0,0,0,nan
DKO,買權,202209,80.0,0,0,nan
DKO,買權,202209,85.0,0,0,nan
DKO,買權,202209,90.0,0,0,nan
DKO,買權,202209,95.0,0,0,nan
DKO,賣權,202209,100.0,0,0,nan
DKO,賣權,202209,110.0,0,0,nan
DKO,賣權,202209,65.0,0,0,nan
DKO,賣權,202209,70.0,0,0,nan
DKO,賣權,202209,75.0,0,0,nan
DKO,賣權,202209,80.0,0,0,nan
DKO,賣權,202209,85.0,0,0,nan
DKO,賣權,202209,90.0,0,0,nan
DKO,賣權,202209,95.0,0,0,nan
DLO,買權,202204,100.0,0,0,nan
DLO,買權,202204,105.0,0,0,nan
DLO,買權,202204,110.0,0,0,nan
DLO,買權,202204,115.0,0,0,nan
DLO,買權,202204,120.0,0,0,nan
DLO,買權,202204,125.0,0,0,nan
DLO,買權,202204,130.0,0,0,nan
DLO,買權,202204,135.0,0,0,nan
DLO,買權,202204,140.0,0,0,nan
DLO,買權,202204,145.0,0,0,nan
DLO,賣權,202204,100.0,0,0,nan
DLO,賣權,202204,105.0,0,0,nan
DLO,賣權,202204,110.0,0,0,nan
DLO,賣權,202204,115.0,0,0,nan
DLO,賣權,202204,120.0,0,0,nan
DLO,賣權,202204,125.0,0,0,nan
DLO,賣權,202204,130.0,0,0,nan
DLO,賣權,202204,135.0,0,0,nan
DLO,賣權,202204,140.0,0,0,nan
DLO,賣權,202204,145.0,0,0,nan
DLO,買權,202205,105.0,0,0,nan
DLO,買權,202205,110.0,0,0,nan
DLO,買權,202205,115.0,0,0,nan
DLO,買權,202205,120.0,0,0,nan
DLO,買權,202205,125.0,0,0,nan
DLO,買權,202205,130.0,0,0,nan
DLO,買權,202205,135.0,0,0,nan
DLO,買權,202205,140.0,0,0,nan
DLO,買權,202205,145.0,0,0,nan
DLO,賣權,202205,105.0,0,0,nan
DLO,賣權,202205,110.0,0,0,nan
DLO,賣權,202205,115.0,0,0,nan
DLO,賣權,202205,120.0,0,0,nan
DLO,賣權,202205,125.0,0,0,nan
DLO,賣權,202205,130.0,0,0,nan
DLO,賣權,202205,135.0,0,0,nan
DLO,賣權,202205,140.0,0,0,nan
DLO,賣權,202205,145.0,0,0,nan
DLO,買權,202206,100.0,0,0,nan
DLO,買權,202206,110.0,0,0,nan
DLO,買權,202206,120.0,0,0,nan
DLO,買權,202206,130.0,0,0,nan
DLO,買權,202206,140.0,0,0,nan
DLO,買權,202206,150.0,0,0,nan
DLO,買權,202206,90.0,0,0,nan
DLO,買權,202206,95.0,0,0,nan
DLO,賣權,202206,100.0,0,0,nan
DLO,賣權,202206,110.0,0,0,nan
DLO,賣權,202206,120.0,0,0,nan
DLO,賣權,202206,130.0,0,0,nan
DLO,賣權,202206,140.0,0,0,nan
DLO,賣權,202206,150.0,0,0,nan
DLO,賣權,202206,90.0,0,0,nan
DLO,賣權,202206,95.0,0,0,nan
DLO,買權,202209,100.0,0,0,nan
DLO,買權,202209,110.0,0,0,nan
DLO,買權,202209,120.0,0,0,nan
DLO,買權,202209,130.0,0,0,nan
DLO,買權,202209,140.0,0,0,nan
DLO,買權,202209,90.0,0,0,nan
DLO,買權,202209,95.0,0,0,nan
DLO,賣權,202209,100.0,0,0,nan
DLO,賣權,202209,110.0,0,0,nan
DLO,賣權,202209,120.0,0,0,nan
DLO,賣權,202209,130.0,0,0,nan
DLO,賣權,202209,140.0,0,0,nan
DLO,賣權,202209,90.0,0,0,nan
DLO,賣權,202209,95.0,0,0,nan
DNO,買權,202204,24.0,0,0,nan
DNO,買權,202204,24.5,0,0,nan
DNO,買權,202204,25.0,0,0,nan
DNO,買權,202204,26.0,0,0,nan
DNO,買權,202204,27.0,0,0,nan
DNO,買權,202204,28.0,0,0,nan
DNO,買權,202204,29.0,0,0,nan
DNO,買權,202204,30.0,0,0,nan
DNO,買權,202204,31.0,0,0,nan
DNO,買權,202204,32.0,0,0,nan
DNO,買權,202204,33.0,0,0,nan
DNO,買權,202204,34.0,0,0,nan
DNO,買權,202204,35.0,0,0,nan
DNO,買權,202204,36.0,0,0,nan
DNO,賣權,202204,24.0,0,0,nan
DNO,賣權,202204,24.5,0,0,nan
DNO,賣權,202204,25.0,0,0,nan
DNO,賣權,202204,26.0,0,0,nan
DNO,賣權,202204,27.0,0,0,nan
DNO,賣權,202204,28.0,0,0,nan
DNO,賣權,202204,29.0,0,0,nan
DNO,賣權,202204,30.0,0,0,nan
DNO,賣權,202204,31.0,0,0,nan
DNO,賣權,202204,32.0,0,0,nan
DNO,賣權,202204,33.0,0,0,nan
DNO,賣權,202204,34.0,0,0,nan
DNO,賣權,202204,35.0,0,0,nan
DNO,賣權,202204,36.0,0,0,nan
DNO,買權,202205,25.0,0,0,nan
DNO,買權,202205,26.0,0,0,nan
DNO,買權,202205,27.0,0,0,nan
DNO,買權,202205,28.0,0,0,nan
DNO,買權,202205,29.0,0,0,nan
DNO,買權,202205,30.0,0,0,nan
DNO,買權,202205,31.0,0,0,nan
DNO,買權,202205,32.0,0,0,nan
DNO,買權,202205,33.0,0,0,nan
DNO,買權,202205,34.0,0,0,nan
DNO,買權,202205,35.0,0,0,nan
DNO,買權,202205,36.0,0,0,nan
DNO,賣權,202205,25.0,0,0,nan
DNO,賣權,202205,26.0,0,0,nan
DNO,賣權,202205,27.0,0,0,nan
DNO,賣權,202205,28.0,0,0,nan
DNO,賣權,202205,29.0,0,0,nan
DNO,賣權,202205,30.0,0,0,nan
DNO,賣權,202205,31.0,0,0,nan
DNO,賣權,202205,32.0,0,0,nan
DNO,賣權,202205,33.0,0,0,nan
DNO,賣權,202205,34.0,0,0,nan
DNO,賣權,202205,35.0,0,0,nan
DNO,賣權,202205,36.0,0,0,nan
DNO,買權,202206,21.0,0,0,nan
DNO,買權,202206,22.0,0,0,nan
DNO,買權,202206,23.0,0,0,nan
DNO,買權,202206,24.0,0,0,nan
DNO,買權,202206,25.0,0,0,nan
DNO,買權,202206,26.0,0,0,nan
DNO,買權,202206,28.0,0,0,nan
DNO,買權,202206,30.0,0,0,nan
DNO,買權,202206,32.0,0,0,nan
DNO,買權,202206,34.0,0,0,nan
DNO,買權,202206,36.0,0,0,nan
DNO,賣權,202206,21.0,0,0,nan
DNO,賣權,202206,22.0,0,0,nan
DNO,賣權,202206,23.0,0,0,nan
DNO,賣權,202206,24.0,0,0,nan
DNO,賣權,202206,25.0,0,0,nan
DNO,賣權,202206,26.0,0,0,nan
DNO,賣權,202206,28.0,0,0,nan
DNO,賣權,202206,30.0,0,0,nan
DNO,賣權,202206,32.0,0,0,nan
DNO,賣權,202206,34.0,0,0,nan
DNO,賣權,202206,36.0,0,0,nan
DNO,買權,202209,22.0,0,0,nan
DNO,買權,202209,23.0,0,0,nan
DNO,買權,202209,24.0,0,0,nan
DNO,買權,202209,25.0,0,0,nan
DNO,買權,202209,26.0,0,0,nan
DNO,買權,202209,28.0,0,0,nan
DNO,買權,202209,30.0,0,0,nan
DNO,買權,202209,32.0,0,0,nan
DNO,買權,202209,34.0,0,0,nan
DNO,賣權,202209,22.0,0,0,nan
DNO,賣權,202209,23.0,0,0,nan
DNO,賣權,202209,24.0,0,0,nan
DNO,賣權,202209,25.0,0,0,nan
DNO,賣權,202209,26.0,0,0,nan
DNO,賣權,202209,28.0,0,0,nan
DNO,賣權,202209,30.0,0,0,nan
DNO,賣權,202209,32.0,0,0,nan
DNO,賣權,202209,34.0,0,0,nan
DOO,買權,202204,20.5,0,0,nan
DOO,買權,202204,21.0,0,0,nan
DOO,買權,202204,21.5,0,0,nan
DOO,買權,202204,22.0,0,0,nan
DOO,買權,202204,22.5,0,0,nan
DOO,買權,202204,23.0,0,0,nan
DOO,買權,202204,23.5,0,0,nan
DOO,買權,202204,24.0,0,0,nan
DOO,買權,202204,24.5,0,0,nan
DOO,買權,202204,25.0,0,0,nan
DOO,買權,202204,26.0,0,0,nan
DOO,買權,202204,27.0,0,0,nan
DOO,買權,202204,28.0,0,0,nan
DOO,買權,202204,29.0,0,0,nan
DOO,買權,202204,30.0,0,0,nan
DOO,賣權,202204,20.5,0,0,nan
DOO,賣權,202204,21.0,0,0,nan
DOO,賣權,202204,21.5,0,0,nan
DOO,賣權,202204,22.0,0,0,nan
DOO,賣權,202204,22.5,0,0,nan
DOO,賣權,202204,23.0,0,0,nan
DOO,賣權,202204,23.5,0,0,nan
DOO,賣權,202204,24.0,0,0,nan
DOO,賣權,202204,24.5,0,0,nan
DOO,賣權,202204,25.0,0,0,nan
DOO,賣權,202204,26.0,0,0,nan
DOO,賣權,202204,27.0,0,0,nan
DOO,賣權,202204,28.0,0,0,nan
DOO,賣權,202204,29.0,0,0,nan
DOO,賣權,202204,30.0,0,0,nan
DOO,買權,202205,21.5,0,0,nan
DOO,買權,202205,22.0,0,0,nan
DOO,買權,202205,22.5,0,0,nan
DOO,買權,202205,23.0,0,0,nan
DOO,買權,202205,23.5,0,0,nan
DOO,買權,202205,24.0,0,0,nan
DOO,買權,202205,24.5,0,0,nan
DOO,買權,202205,25.0,0,0,nan
DOO,買權,202205,26.0,0,0,nan
DOO,買權,202205,27.0,0,0,nan
DOO,買權,202205,28.0,0,0,nan
DOO,買權,202205,29.0,0,0,nan
DOO,買權,202205,30.0,0,0,nan
DOO,賣權,202205,21.5,0,0,nan
DOO,賣權,202205,22.0,0,0,nan
DOO,賣權,202205,22.5,0,0,nan
DOO,賣權,202205,23.0,0,0,nan
DOO,賣權,202205,23.5,0,0,nan
DOO,賣權,202205,24.0,0,0,nan
DOO,賣權,202205,24.5,0,0,nan
DOO,賣權,202205,25.0,0,0,nan
DOO,賣權,202205,26.0,0,0,nan
DOO,賣權,202205,27.0,0,0,nan
DOO,賣權,202205,28.0,0,0,nan
DOO,賣權,202205,29.0,0,0,nan
DOO,賣權,202205,30.0,0,0,nan
DOO,買權,202206,19.0,0,0,nan
DOO,買權,202206,20.0,0,0,nan
DOO,買權,202206,21.0,0,0,nan
DOO,買權,202206,22.0,0,0,nan
DOO,買權,202206,23.0,0,0,nan
DOO,買權,202206,24.0,0,0,nan
DOO,買權,202206,25.0,0,0,nan
DOO,買權,202206,26.0,0,0,nan
DOO,買權,202206,28.0,0,0,nan
DOO,買權,202206,30.0,0,0,nan
DOO,賣權,202206,19.0,0,0,nan
DOO,賣權,202206,20.0,0,0,nan
DOO,賣權,202206,21.0,0,0,nan
DOO,賣權,202206,22.0,0,0,nan
DOO,賣權,202206,23.0,0,0,nan
DOO,賣權,202206,24.0,0,0,nan
DOO,賣權,202206,25.0,0,0,nan
DOO,賣權,202206,26.0,0,0,nan
DOO,賣權,202206,28.0,0,0,nan
DOO,賣權,202206,30.0,0,0,nan
DOO,買權,202209,20.0,0,0,nan
DOO,買權,202209,21.0,0,0,nan
DOO,買權,202209,22.0,0,0,nan
DOO,買權,202209,23.0,0,0,nan
DOO,買權,202209,24.0,0,0,nan
DOO,買權,202209,25.0,0,0,nan
DOO,買權,202209,26.0,0,0,nan
DOO,買權,202209,28.0,0,0,nan
DOO,買權,202209,30.0,0,0,nan
DOO,賣權,202209,20.0,0,0,nan
DOO,賣權,202209,21.0,0,0,nan
DOO,賣權,202209,22.0,0,0,nan
DOO,賣權,202209,23.0,0,0,nan
DOO,賣權,202209,24.0,0,0,nan
DOO,賣權,202209,25.0,0,0,nan
DOO,賣權,202209,26.0,0,0,nan
DOO,賣權,202209,28.0,0,0,nan
DOO,賣權,202209,30.0,0,0,nan
DPO,買權,202204,21.0,0,0,nan
DPO,買權,202204,21.5,0,0,nan
DPO,買權,202204,22.0,0,0,nan
DPO,買權,202204,22.5,0,0,nan
DPO,買權,202204,23.0,0,0,nan
DPO,買權,202204,23.5,0,0,nan
DPO,買權,202204,24.0,0,0,nan
DPO,買權,202204,24.5,0,0,nan
DPO,買權,202204,25.0,0,0,nan
DPO,買權,202204,26.0,0,0,nan
DPO,買權,202204,27.0,0,0,nan
DPO,買權,202204,28.0,0,0,nan
DPO,買權,202204,29.0,0,0,nan
DPO,買權,202204,30.0,0,0,nan
DPO,買權,202204,31.0,0,0,nan
DPO,賣權,202204,21.0,0,0,nan
DPO,賣權,202204,21.5,0,0,nan
DPO,賣權,202204,22.0,0,0,nan
DPO,賣權,202204,22.5,0,0,nan
DPO,賣權,202204,23.0,0,0,nan
DPO,賣權,202204,23.5,0,0,nan
DPO,賣權,202204,24.0,0,0,nan
DPO,賣權,202204,24.5,0,0,nan
DPO,賣權,202204,25.0,0,0,nan
DPO,賣權,202204,26.0,0,0,nan
DPO,賣權,202204,27.0,0,0,nan
DPO,賣權,202204,28.0,0,0,nan
DPO,賣權,202204,29.0,0,0,nan
DPO,賣權,202204,30.0,0,0,nan
DPO,賣權,202204,31.0,0,0,nan
DPO,買權,202205,22.0,0,0,nan
DPO,買權,202205,22.5,0,0,nan
DPO,買權,202205,23.0,0,0,nan
DPO,買權,202205,23.5,0,0,nan
DPO,買權,202205,24.0,0,0,nan
DPO,買權,202205,24.5,0,0,nan
DPO,買權,202205,25.0,0,0,nan
DPO,買權,202205,26.0,0,0,nan
DPO,買權,202205,27.0,0,0,nan
DPO,買權,202205,28.0,0,0,nan
DPO,買權,202205,29.0,0,0,nan
DPO,買權,202205,30.0,0,0,nan
DPO,買權,202205,31.0,0,0,nan
DPO,賣權,202205,22.0,0,0,nan
DPO,賣權,202205,22.5,0,0,nan
DPO,賣權,202205,23.0,0,0,nan
DPO,賣權,202205,23.5,0,0,nan
DPO,賣權,202205,24.0,0,0,nan
DPO,賣權,202205,24.5,0,0,nan
DPO,賣權,202205,25.0,0,0,nan
DPO,賣權,202205,26.0,0,0,nan
DPO,賣權,202205,27.0,0,0,nan
DPO,賣權,202205,28.0,0,0,nan
DPO,賣權,202205,29.0,0,0,nan
DPO,賣權,202205,30.0,0,0,nan
DPO,賣權,202205,31.0,0,0,nan
DPO,買權,202206,18.0,0,0,nan
DPO,買權,202206,19.0,0,0,nan
DPO,買權,202206,20.0,0,0,nan
DPO,買權,202206,21.0,0,0,nan
DPO,買權,202206,22.0,0,0,nan
DPO,買權,202206,23.0,0,0,nan
DPO,買權,202206,24.0,0,0,nan
DPO,買權,202206,25.0,0,0,nan
DPO,買權,202206,26.0,0,0,nan
DPO,買權,202206,28.0,0,0,nan
DPO,買權,202206,30.0,0,0,nan
DPO,買權,202206,32.0,0,0,nan
DPO,賣權,202206,18.0,0,0,nan
DPO,賣權,202206,19.0,0,0,nan
DPO,賣權,202206,20.0,0,0,nan
DPO,賣權,202206,21.0,0,0,nan
DPO,賣權,202206,22.0,0,0,nan
DPO,賣權,202206,23.0,0,0,nan
DPO,賣權,202206,24.0,0,0,nan
DPO,賣權,202206,25.0,0,0,nan
DPO,賣權,202206,26.0,0,0,nan
DPO,賣權,202206,28.0,0,0,nan
DPO,賣權,202206,30.0,0,0,nan
DPO,賣權,202206,32.0,0,0,nan
DPO,買權,202209,19.0,0,0,nan
DPO,買權,202209,20.0,0,0,nan
DPO,買權,202209,21.0,0,0,nan
DPO,買權,202209,22.0,0,0,nan
DPO,買權,202209,23.0,0,0,nan
DPO,買權,202209,24.0,0,0,nan
DPO,買權,202209,25.0,0,0,nan
DPO,買權,202209,26.0,0,0,nan
DPO,買權,202209,28.0,0,0,nan
DPO,賣權,202209,19.0,0,0,nan
DPO,賣權,202209,20.0,0,0,nan
DPO,賣權,202209,21.0,0,0,nan
DPO,賣權,202209,22.0,0,0,nan
DPO,賣權,202209,23.0,0,0,nan
DPO,賣權,202209,24.0,0,0,nan
DPO,賣權,202209,25.0,0,0,nan
DPO,賣權,202209,26.0,0,0,nan
DPO,賣權,202209,28.0,0,0,nan
DQO,買權,202204,14.0,0,0,nan
DQO,買權,202204,14.5,0,0,nan
DQO,買權,202204,15.0,0,0,nan
DQO,買權,202204,15.5,0,0,nan
DQO,買權,202204,16.0,0,0,nan
DQO,買權,202204,16.5,0,0,nan
DQO,買權,202204,17.0,0,0,nan
DQO,買權,202204,17.5,0,0,nan
DQO,買權,202204,18.0,0,0,nan
DQO,買權,202204,18.5,16,3,5.33
DQO,買權,202204,19.0,0,0,nan
DQO,買權,202204,19.5,0,0,nan
DQO,買權,202204,20.0,0,0,nan
DQO,買權,202204,20.5,0,0,nan
DQO,賣權,202204,14.0,0,0,nan
DQO,賣權,202204,14.5,0,0,nan
DQO,賣權,202204,15.0,0,0,nan
DQO,賣權,202204,15.5,0,0,nan
DQO,賣權,202204,16.0,8,2,4.0
DQO,賣權,202204,16.5,6,1,6.0
DQO,賣權,202204,17.0,14,3,4.67
DQO,賣權,202204,17.5,24,5,4.8
DQO,賣權,202204,18.0,2,0,9999.99
DQO,賣權,202204,18.5,0,0,nan
DQO,賣權,202204,19.0,0,0,nan
DQO,賣權,202204,19.5,0,0,nan
DQO,賣權,202204,20.0,0,0,nan
DQO,賣權,202204,20.5,0,0,nan
DQO,買權,202205,14.5,0,0,nan
DQO,買權,202205,15.0,0,0,nan
DQO,買權,202205,15.5,0,0,nan
DQO,買權,202205,16.0,0,0,nan
DQO,買權,202205,16.5,0,0,nan
DQO,買權,202205,17.0,0,0,nan
DQO,買權,202205,17.5,0,0,nan
DQO,買權,202205,18.0,0,0,nan
DQO,買權,202205,18.5,0,0,nan
DQO,買權,202205,19.0,0,0,nan
DQO,買權,202205,19.5,0,0,nan
DQO,買權,202205,20.0,0,0,nan
DQO,賣權,202205,14.5,0,0,nan
DQO,賣權,202205,15.0,0,0,nan
DQO,賣權,202205,15.5,0,0,nan
DQO,賣權,202205,16.0,0,0,nan
DQO,賣權,202205,16.5,0,0,nan
DQO,賣權,202205,17.0,0,0,nan
DQO,賣權,202205,17.5,0,0,nan
DQO,賣權,202205,18.0,0,0,nan
DQO,賣權,202205,18.5,0,0,nan
DQO,賣權,202205,19.0,0,0,nan
DQO,賣權,202205,19.5,0,0,nan
DQO,賣權,202205,20.0,0,0,nan
DQO,買權,202206,12.0,0,0,nan
DQO,買權,202206,13.0,0,0,nan
DQO,買權,202206,14.0,0,0,nan
DQO,買權,202206,15.0,0,0,nan
DQO,買權,202206,16.0,0,0,nan
DQO,買權,202206,17.0,0,0,nan
DQO,買權,202206,18.0,0,0,nan
DQO,買權,202206,19.0,0,0,nan
DQO,買權,202206,20.0,0,0,nan
DQO,買權,202206,21.0,0,0,nan
DQO,買權,202206,22.0,0,0,nan
DQO,買權,202206,23.0,0,0,nan
DQO,買權,202206,24.0,0,0,nan
DQO,買權,202206,25.0,0,0,nan
DQO,賣權,202206,12.0,0,0,nan
DQO,賣權,202206,13.0,0,0,nan
DQO,賣權,202206,14.0,0,0,nan
DQO,賣權,202206,15.0,0,0,nan
DQO,賣權,202206,16.0,0,0,nan
DQO,賣權,202206,17.0,0,0,nan
DQO,賣權,202206,18.0,0,0,nan
DQO,賣權,202206,19.0,0,0,nan
DQO,賣權,202206,20.0,0,0,nan
DQO,賣權,202206,21.0,0,0,nan
DQO,賣權,202206,22.0,0,0,nan
DQO,賣權,202206,23.0,0,0,nan
DQO,賣權,202206,24.0,0,0,nan
DQO,賣權,202206,25.0,0,0,nan
DQO,買權,202209,12.0,0,0,nan
DQO,買權,202209,13.0,0,0,nan
DQO,買權,202209,14.0,0,0,nan
DQO,買權,202209,15.0,0,0,nan
DQO,買權,202209,16.0,0,0,nan
DQO,買權,202209,17.0,0,0,nan
DQO,買權,202209,18.0,0,0,nan
DQO,買權,202209,19.0,0,0,nan
DQO,買權,202209,20.0,0,0,nan
DQO,買權,202209,21.0,0,0,nan
DQO,買權,202209,22.0,0,0,nan
DQO,賣權,202209,12.0,0,0,nan
DQO,賣權,202209,13.0,0,0,nan
DQO,賣權,202209,14.0,0,0,nan
DQO,賣權,202209,15.0,0,0,nan
DQO,賣權,202209,16.0,0,0,nan
DQO,賣權,202209,17.0,0,0,nan
DQO,賣權,202209,18.0,0,0,nan
DQO,賣權,202209,19.0,0,0,nan
DQO,賣權,202209,20.0,0,0,nan
DQO,賣權,202209,21.0,0,0,nan
DQO,賣權,202209,22.0,0,0,nan
DSO,買權,202204,23.0,0,0,nan
DSO,買權,202204,23.5,0,0,nan
DSO,買權,202204,24.0,0,0,nan
DSO,買權,202204,24.5,0,0,nan
DSO,買權,202204,25.0,0,0,nan
DSO,買權,202204,26.0,0,0,nan
DSO,買權,202204,27.0,0,0,nan
DSO,買權,202204,28.0,0,0,nan
DSO,買權,202204,29.0,0,0,nan
DSO,買權,202204,30.0,0,0,nan
DSO,買權,202204,31.0,0,0,nan
DSO,買權,202204,32.0,0,0,nan
DSO,買權,202204,33.0,0,0,nan
DSO,買權,202204,34.0,0,0,nan
DSO,買權,202204,35.0,0,0,nan
DSO,賣權,202204,23.0,0,0,nan
DSO,賣權,202204,23.5,0,0,nan
DSO,賣權,202204,24.0,0,0,nan
DSO,賣權,202204,24.5,0,0,nan
DSO,賣權,202204,25.0,0,0,nan
DSO,賣權,202204,26.0,0,0,nan
DSO,賣權,202204,27.0,0,0,nan
DSO,賣權,202204,28.0,0,0,nan
DSO,賣權,202204,29.0,0,0,nan
DSO,賣權,202204,30.0,0,0,nan
DSO,賣權,202204,31.0,0,0,nan
DSO,賣權,202204,32.0,0,0,nan
DSO,賣權,202204,33.0,0,0,nan
DSO,賣權,202204,34.0,0,0,nan
DSO,賣權,202204,35.0,0,0,nan
DSO,買權,202205,25.0,0,0,nan
DSO,買權,202205,26.0,0,0,nan
DSO,買權,202205,27.0,0,0,nan
DSO,買權,202205,28.0,0,0,nan
DSO,買權,202205,29.0,0,0,nan
DSO,買權,202205,30.0,0,0,nan
DSO,買權,202205,31.0,0,0,nan
DSO,買權,202205,32.0,0,0,nan
DSO,買權,202205,33.0,0,0,nan
DSO,買權,202205,34.0,0,0,nan
DSO,買權,202205,35.0,0,0,nan
DSO,賣權,202205,25.0,0,0,nan
DSO,賣權,202205,26.0,0,0,nan
DSO,賣權,202205,27.0,0,0,nan
DSO,賣權,202205,28.0,0,0,nan
DSO,賣權,202205,29.0,0,0,nan
DSO,賣權,202205,30.0,0,0,nan
DSO,賣權,202205,31.0,0,0,nan
DSO,賣權,202205,32.0,0,0,nan
DSO,賣權,202205,33.0,0,0,nan
DSO,賣權,202205,34.0,0,0,nan
DSO,賣權,202205,35.0,0,0,nan
DSO,買權,202206,20.0,0,0,nan
DSO,買權,202206,21.0,0,0,nan
DSO,買權,202206,22.0,0,0,nan
DSO,買權,202206,23.0,0,0,nan
DSO,買權,202206,24.0,0,0,nan
DSO,買權,202206,25.0,0,0,nan
DSO,買權,202206,26.0,0,0,nan
DSO,買權,202206,28.0,0,0,nan
DSO,買權,202206,30.0,0,0,nan
DSO,買權,202206,32.0,0,0,nan
DSO,買權,202206,34.0,0,0,nan
DSO,買權,202206,36.0,0,0,nan
DSO,賣權,202206,20.0,0,0,nan
DSO,賣權,202206,21.0,0,0,nan
DSO,賣權,202206,22.0,0,0,nan
DSO,賣權,202206,23.0,0,0,nan
DSO,賣權,202206,24.0,0,0,nan
DSO,賣權,202206,25.0,0,0,nan
DSO,賣權,202206,26.0,0,0,nan
DSO,賣權,202206,28.0,0,0,nan
DSO,賣權,202206,30.0,0,0,nan
DSO,賣權,202206,32.0,0,0,nan
DSO,賣權,202206,34.0,0,0,nan
DSO,賣權,202206,36.0,0,0,nan
DSO,買權,202209,22.0,0,0,nan
DSO,買權,202209,23.0,0,0,nan
DSO,買權,202209,24.0,0,0,nan
DSO,買權,202209,25.0,0,0,nan
DSO,買權,202209,26.0,0,0,nan
DSO,買權,202209,28.0,0,0,nan
DSO,買權,202209,30.0,0,0,nan
DSO,買權,202209,32.0,0,0,nan
DSO,買權,202209,34.0,0,0,nan
DSO,買權,202209,36.0,0,0,nan
DSO,賣權,202209,22.0,0,0,nan
DSO,賣權,202209,23.0,0,0,nan
DSO,賣權,202209,24.0,0,0,nan
DSO,賣權,202209,25.0,0,0,nan
DSO,賣權,202209,26.0,0,0,nan
DSO,賣權,202209,28.0,0,0,nan
DSO,賣權,202209,30.0,0,0,nan
DSO,賣權,202209,32.0,0,0,nan
DSO,賣權,202209,34.0,0,0,nan
DSO,賣權,202209,36.0,0,0,nan
DVO,買權,202204,1000.0,0,0,nan
DVO,買權,202204,1050.0,0,0,nan
DVO,買權,202204,1100.0,0,0,nan
DVO,買權,202204,1150.0,2,0,9999.99
DVO,買權,202204,1200.0,0,0,nan
DVO,買權,202204,1250.0,0,0,nan
DVO,買權,202204,1300.0,0,0,nan
DVO,買權,202204,750.0,0,0,nan
DVO,買權,202204,775.0,0,0,nan
DVO,買權,202204,800.0,0,0,nan
DVO,買權,202204,825.0,0,0,nan
DVO,買權,202204,850.0,0,0,nan
DVO,買權,202204,875.0,0,0,nan
DVO,買權,202204,900.0,0,0,nan
DVO,買權,202204,925.0,0,0,nan
DVO,買權,202204,950.0,0,0,nan
DVO,買權,202204,975.0,0,0,nan
DVO,賣權,202204,1000.0,0,0,nan
DVO,賣權,202204,1050.0,0,0,nan
DVO,賣權,202204,1100.0,0,0,nan
DVO,賣權,202204,1150.0,0,0,nan
DVO,賣權,202204,1200.0,0,0,nan
DVO,賣權,202204,1250.0,0,0,nan
DVO,賣權,202204,1300.0,0,0,nan
DVO,賣權,202204,750.0,0,0,nan
DVO,賣權,202204,775.0,0,0,nan
DVO,賣權,202204,800.0,0,0,nan
DVO,賣權,202204,825.0,0,0,nan
DVO,賣權,202204,850.0,0,0,nan
DVO,賣權,202204,875.0,0,0,nan
DVO,賣權,202204,900.0,0,0,nan
DVO,賣權,202204,925.0,0,0,nan
DVO,賣權,202204,950.0,0,0,nan
DVO,賣權,202204,975.0,0,0,nan
DVO,買權,202205,1000.0,0,0,nan
DVO,買權,202205,1050.0,0,0,nan
DVO,買權,202205,750.0,0,0,nan
DVO,買權,202205,775.0,0,0,nan
DVO,買權,202205,800.0,0,0,nan
DVO,買權,202205,825.0,0,0,nan
DVO,買權,202205,850.0,0,0,nan
DVO,買權,202205,875.0,0,0,nan
DVO,買權,202205,900.0,0,0,nan
DVO,買權,202205,925.0,0,0,nan
DVO,買權,202205,950.0,0,0,nan
DVO,買權,202205,975.0,0,0,nan
DVO,賣權,202205,1000.0,0,0,nan
DVO,賣權,202205,1050.0,0,0,nan
DVO,賣權,202205,750.0,0,0,nan
DVO,賣權,202205,775.0,0,0,nan
DVO,賣權,202205,800.0,0,0,nan
DVO,賣權,202205,825.0,0,0,nan
DVO,賣權,202205,850.0,0,0,nan
DVO,賣權,202205,875.0,0,0,nan
DVO,賣權,202205,900.0,0,0,nan
DVO,賣權,202205,925.0,0,0,nan
DVO,賣權,202205,950.0,0,0,nan
DVO,賣權,202205,975.0,0,0,nan
DVO,買權,202206,1000.0,0,0,nan
DVO,買權,202206,1100.0,0,0,nan
DVO,買權,202206,1200.0,0,0,nan
DVO,買權,202206,1300.0,0,0,nan
DVO,買權,202206,1400.0,0,0,nan
DVO,買權,202206,700.0,0,0,nan
DVO,買權,202206,750.0,0,0,nan
DVO,買權,202206,800.0,0,0,nan
DVO,買權,202206,850.0,0,0,nan
DVO,買權,202206,900.0,0,0,nan
DVO,買權,202206,950.0,0,0,nan
DVO,賣權,202206,1000.0,0,0,nan
DVO,賣權,202206,1100.0,0,0,nan
DVO,賣權,202206,1200.0,0,0,nan
DVO,賣權,202206,1300.0,0,0,nan
DVO,賣權,202206,1400.0,0,0,nan
DVO,賣權,202206,700.0,0,0,nan
DVO,賣權,202206,750.0,0,0,nan
DVO,賣權,202206,800.0,0,0,nan
DVO,賣權,202206,850.0,0,0,nan
DVO,賣權,202206,900.0,0,0,nan
DVO,賣權,202206,950.0,0,0,nan
DVO,買權,202209,1000.0,0,0,nan
DVO,買權,202209,1100.0,0,0,nan
DVO,買權,202209,1200.0,0,0,nan
DVO,買權,202209,1300.0,0,0,nan
DVO,買權,202209,750.0,0,0,nan
DVO,買權,202209,800.0,0,0,nan
DVO,買權,202209,850.0,0,0,nan
DVO,買權,202209,900.0,0,0,nan
DVO,買權,202209,950.0,0,0,nan
DVO,賣權,202209,1000.0,0,0,nan
DVO,賣權,202209,1100.0,0,0,nan
DVO,賣權,202209,1200.0,0,0,nan
DVO,賣權,202209,1300.0,0,0,nan
DVO,賣權,202209,750.0,0,0,nan
DVO,賣權,202209,800.0,0,0,nan
DVO,賣權,202209,850.0,0,0,nan
DVO,賣權,202209,900.0,0,0,nan
DVO,賣權,202209,950.0,0,0,nan
DWO,買權,202204,100.0,0,0,nan
DWO,買權,202204,105.0,0,0,nan
DWO,買權,202204,110.0,0,0,nan
DWO,買權,202204,115.0,0,0,nan
DWO,買權,202204,120.0,0,0,nan
DWO,買權,202204,125.0,0,0,nan
DWO,買權,202204,130.0,0,0,nan
DWO,買權,202204,135.0,0,0,nan
DWO,買權,202204,140.0,0,0,nan
DWO,買權,202204,87.5,0,0,nan
DWO,買權,202204,90.0,0,0,nan
DWO,買權,202204,92.5,0,0,nan
DWO,買權,202204,95.0,0,0,nan
DWO,買權,202204,97.5,0,0,nan
DWO,賣權,202204,100.0,0,0,nan
DWO,賣權,202204,105.0,0,0,nan
DWO,賣權,202204,110.0,0,0,nan
DWO,賣權,202204,115.0,0,0,nan
DWO,賣權,202204,120.0,0,0,nan
DWO,賣權,202204,125.0,0,0,nan
DWO,賣權,202204,130.0,0,0,nan
DWO,賣權,202204,135.0,0,0,nan
DWO,賣權,202204,140.0,0,0,nan
DWO,賣權,202204,87.5,0,0,nan
DWO,賣權,202204,90.0,0,0,nan
DWO,賣權,202204,92.5,0,0,nan
DWO,賣權,202204,95.0,0,0,nan
DWO,賣權,202204,97.5,0,0,nan
DWO,買權,202205,100.0,0,0,nan
DWO,買權,202205,105.0,0,0,nan
DWO,買權,202205,110.0,0,0,nan
DWO,買權,202205,115.0,0,0,nan
DWO,買權,202205,120.0,0,0,nan
DWO,買權,202205,125.0,0,0,nan
DWO,買權,202205,87.5,0,0,nan
DWO,買權,202205,90.0,0,0,nan
DWO,買權,202205,92.5,0,0,nan
DWO,買權,202205,95.0,0,0,nan
DWO,買權,202205,97.5,0,0,nan
DWO,賣權,202205,100.0,0,0,nan
DWO,賣權,202205,105.0,0,0,nan
DWO,賣權,202205,110.0,0,0,nan
DWO,賣權,202205,115.0,0,0,nan
DWO,賣權,202205,120.0,0,0,nan
DWO,賣權,202205,125.0,0,0,nan
DWO,賣權,202205,87.5,0,0,nan
DWO,賣權,202205,90.0,0,0,nan
DWO,賣權,202205,92.5,0,0,nan
DWO,賣權,202205,95.0,0,0,nan
DWO,賣權,202205,97.5,0,0,nan
DWO,買權,202206,100.0,0,0,nan
DWO,買權,202206,110.0,0,0,nan
DWO,買權,202206,120.0,0,0,nan
DWO,買權,202206,130.0,0,0,nan
DWO,買權,202206,140.0,0,0,nan
DWO,買權,202206,70.0,0,0,nan
DWO,買權,202206,75.0,0,0,nan
DWO,買權,202206,80.0,0,0,nan
DWO,買權,202206,85.0,0,0,nan
DWO,買權,202206,90.0,0,0,nan
DWO,買權,202206,95.0,0,0,nan
DWO,賣權,202206,100.0,0,0,nan
DWO,賣權,202206,110.0,0,0,nan
DWO,賣權,202206,120.0,0,0,nan
DWO,賣權,202206,130.0,0,0,nan
DWO,賣權,202206,140.0,0,0,nan
DWO,賣權,202206,70.0,0,0,nan
DWO,賣權,202206,75.0,0,0,nan
DWO,賣權,202206,80.0,0,0,nan
DWO,賣權,202206,85.0,0,0,nan
DWO,賣權,202206,90.0,0,0,nan
DWO,賣權,202206,95.0,0,0,nan
DWO,買權,202209,100.0,0,0,nan
DWO,買權,202209,110.0,0,0,nan
DWO,買權,202209,120.0,0,0,nan
DWO,買權,202209,130.0,0,0,nan
DWO,買權,202209,75.0,0,0,nan
DWO,買權,202209,80.0,0,0,nan
DWO,買權,202209,85.0,0,0,nan
DWO,買權,202209,90.0,0,0,nan
DWO,買權,202209,95.0,0,0,nan
DWO,賣權,202209,100.0,0,0,nan
DWO,賣權,202209,110.0,0,0,nan
DWO,賣權,202209,120.0,0,0,nan
DWO,賣權,202209,130.0,0,0,nan
DWO,賣權,202209,75.0,0,0,nan
DWO,賣權,202209,80.0,0,0,nan
DWO,賣權,202209,85.0,0,0,nan
DWO,賣權,202209,90.0,0,0,nan
DWO,賣權,202209,95.0,0,0,nan
DXO,買權,202204,24.0,0,0,nan
DXO,買權,202204,24.5,0,0,nan
DXO,買權,202204,25.0,0,0,nan
DXO,買權,202204,26.0,0,0,nan
DXO,買權,202204,27.0,0,0,nan
DXO,買權,202204,28.0,0,0,nan
DXO,買權,202204,29.0,0,0,nan
DXO,買權,202204,30.0,0,0,nan
DXO,買權,202204,31.0,0,0,nan
DXO,買權,202204,32.0,0,0,nan
DXO,買權,202204,33.0,0,0,nan
DXO,買權,202204,34.0,0,0,nan
DXO,買權,202204,35.0,0,0,nan
DXO,買權,202204,36.0,0,0,nan
DXO,賣權,202204,24.0,0,0,nan
DXO,賣權,202204,24.5,0,0,nan
DXO,賣權,202204,25.0,0,0,nan
DXO,賣權,202204,26.0,0,0,nan
DXO,賣權,202204,27.0,0,0,nan
DXO,賣權,202204,28.0,0,0,nan
DXO,賣權,202204,29.0,0,0,nan
DXO,賣權,202204,30.0,0,0,nan
DXO,賣權,202204,31.0,0,0,nan
DXO,賣權,202204,32.0,0,0,nan
DXO,賣權,202204,33.0,0,0,nan
DXO,賣權,202204,34.0,0,0,nan
DXO,賣權,202204,35.0,0,0,nan
DXO,賣權,202204,36.0,0,0,nan
DXO,買權,202205,25.0,0,0,nan
DXO,買權,202205,26.0,0,0,nan
DXO,買權,202205,27.0,0,0,nan
DXO,買權,202205,28.0,0,0,nan
DXO,買權,202205,29.0,0,0,nan
DXO,買權,202205,30.0,0,0,nan
DXO,買權,202205,31.0,0,0,nan
DXO,買權,202205,32.0,0,0,nan
DXO,買權,202205,33.0,0,0,nan
DXO,買權,202205,34.0,0,0,nan
DXO,賣權,202205,25.0,0,0,nan
DXO,賣權,202205,26.0,0,0,nan
DXO,賣權,202205,27.0,0,0,nan
DXO,賣權,202205,28.0,0,0,nan
DXO,賣權,202205,29.0,0,0,nan
DXO,賣權,202205,30.0,0,0,nan
DXO,賣權,202205,31.0,0,0,nan
DXO,賣權,202205,32.0,0,0,nan
DXO,賣權,202205,33.0,0,0,nan
DXO,賣權,202205,34.0,0,0,nan
DXO,買權,202206,22.0,0,0,nan
DXO,買權,202206,23.0,0,0,nan
DXO,買權,202206,24.0,0,0,nan
DXO,買權,202206,25.0,0,0,nan
DXO,買權,202206,26.0,0,0,nan
DXO,買權,202206,28.0,0,0,nan
DXO,買權,202206,30.0,0,0,nan
DXO,買權,202206,32.0,0,0,nan
DXO,買權,202206,34.0,0,0,nan
DXO,買權,202206,36.0,0,0,nan
DXO,買權,202206,38.0,0,0,nan
DXO,賣權,202206,22.0,0,0,nan
DXO,賣權,202206,23.0,0,0,nan
DXO,賣權,202206,24.0,0,0,nan
DXO,賣權,202206,25.0,0,0,nan
DXO,賣權,202206,26.0,0,0,nan
DXO,賣權,202206,28.0,0,0,nan
DXO,賣權,202206,30.0,0,0,nan
DXO,賣權,202206,32.0,0,0,nan
DXO,賣權,202206,34.0,0,0,nan
DXO,賣權,202206,36.0,0,0,nan
DXO,賣權,202206,38.0,0,0,nan
DXO,買權,202209,24.0,0,0,nan
DXO,買權,202209,25.0,0,0,nan
DXO,買權,202209,26.0,0,0,nan
DXO,買權,202209,28.0,0,0,nan
DXO,買權,202209,30.0,0,0,nan
DXO,買權,202209,32.0,0,0,nan
DXO,買權,202209,34.0,0,0,nan
DXO,買權,202209,36.0,0,0,nan
DXO,賣權,202209,24.0,0,0,nan
DXO,賣權,202209,25.0,0,0,nan
DXO,賣權,202209,26.0,0,0,nan
DXO,賣權,202209,28.0,0,0,nan
DXO,賣權,202209,30.0,0,0,nan
DXO,賣權,202209,32.0,0,0,nan
DXO,賣權,202209,34.0,0,0,nan
DXO,賣權,202209,36.0,0,0,nan
GIO,買權,202204,115.0,0,0,nan
GIO,買權,202204,120.0,0,0,nan
GIO,買權,202204,125.0,0,0,nan
GIO,買權,202204,130.0,0,0,nan
GIO,買權,202204,135.0,0,0,nan
GIO,買權,202204,140.0,0,0,nan
GIO,買權,202204,145.0,0,0,nan
GIO,買權,202204,150.0,0,0,nan
GIO,買權,202204,155.0,0,0,nan
GIO,買權,202204,160.0,0,0,nan
GIO,買權,202204,165.0,0,0,nan
GIO,買權,202204,170.0,0,0,nan
GIO,買權,202204,175.0,0,0,nan
GIO,買權,202204,180.0,0,0,nan
GIO,買權,202204,185.0,0,0,nan
GIO,賣權,202204,115.0,0,0,nan
GIO,賣權,202204,120.0,0,0,nan
GIO,賣權,202204,125.0,0,0,nan
GIO,賣權,202204,130.0,0,0,nan
GIO,賣權,202204,135.0,0,0,nan
GIO,賣權,202204,140.0,0,0,nan
GIO,賣權,202204,145.0,0,0,nan
GIO,賣權,202204,150.0,0,0,nan
GIO,賣權,202204,155.0,0,0,nan
GIO,賣權,202204,160.0,0,0,nan
GIO,賣權,202204,165.0,0,0,nan
GIO,賣權,202204,170.0,0,0,nan
GIO,賣權,202204,175.0,0,0,nan
GIO,賣權,202204,180.0,0,0,nan
GIO,賣權,202204,185.0,0,0,nan
GIO,買權,202205,115.0,0,0,nan
GIO,買權,202205,120.0,0,0,nan
GIO,買權,202205,125.0,0,0,nan
GIO,買權,202205,130.0,0,0,nan
GIO,買權,202205,135.0,0,0,nan
GIO,買權,202205,140.0,0,0,nan
GIO,買權,202205,145.0,0,0,nan
GIO,買權,202205,150.0,0,0,nan
GIO,買權,202205,155.0,0,0,nan
GIO,買權,202205,160.0,0,0,nan
GIO,買權,202205,165.0,0,0,nan
GIO,賣權,202205,115.0,0,0,nan
GIO,賣權,202205,120.0,0,0,nan
GIO,賣權,202205,125.0,0,0,nan
GIO,賣權,202205,130.0,0,0,nan
GIO,賣權,202205,135.0,0,0,nan
GIO,賣權,202205,140.0,0,0,nan
GIO,賣權,202205,145.0,0,0,nan
GIO,賣權,202205,150.0,0,0,nan
GIO,賣權,202205,155.0,0,0,nan
GIO,賣權,202205,160.0,0,0,nan
GIO,賣權,202205,165.0,0,0,nan
GIO,買權,202206,100.0,0,0,nan
GIO,買權,202206,110.0,0,0,nan
GIO,買權,202206,120.0,0,0,nan
GIO,買權,202206,130.0,0,0,nan
GIO,買權,202206,140.0,0,0,nan
GIO,買權,202206,150.0,0,0,nan
GIO,買權,202206,160.0,0,0,nan
GIO,買權,202206,170.0,0,0,nan
GIO,買權,202206,180.0,0,0,nan
GIO,買權,202206,190.0,0,0,nan
GIO,買權,202206,200.0,0,0,nan
GIO,買權,202206,95.0,0,0,nan
GIO,賣權,202206,100.0,0,0,nan
GIO,賣權,202206,110.0,0,0,nan
GIO,賣權,202206,120.0,0,0,nan
GIO,賣權,202206,130.0,0,0,nan
GIO,賣權,202206,140.0,0,0,nan
GIO,賣權,202206,150.0,0,0,nan
GIO,賣權,202206,160.0,0,0,nan
GIO,賣權,202206,170.0,0,0,nan
GIO,賣權,202206,180.0,0,0,nan
GIO,賣權,202206,190.0,0,0,nan
GIO,賣權,202206,200.0,0,0,nan
GIO,賣權,202206,95.0,0,0,nan
GIO,買權,202209,110.0,0,0,nan
GIO,買權,202209,120.0,0,0,nan
GIO,買權,202209,130.0,0,0,nan
GIO,買權,202209,140.0,0,0,nan
GIO,買權,202209,150.0,0,0,nan
GIO,買權,202209,160.0,0,0,nan
GIO,買權,202209,170.0,0,0,nan
GIO,買權,202209,180.0,0,0,nan
GIO,買權,202209,190.0,0,0,nan
GIO,買權,202209,200.0,0,0,nan
GIO,賣權,202209,110.0,0,0,nan
GIO,賣權,202209,120.0,0,0,nan
GIO,賣權,202209,130.0,0,0,nan
GIO,賣權,202209,140.0,0,0,nan
GIO,賣權,202209,150.0,0,0,nan
GIO,賣權,202209,160.0,0,0,nan
GIO,賣權,202209,170.0,0,0,nan
GIO,賣權,202209,180.0,0,0,nan
GIO,賣權,202209,190.0,0,0,nan
GIO,賣權,202209,200.0,0,0,nan
GXO,買權,202204,120.0,0,0,nan
GXO,買權,202204,125.0,0,0,nan
GXO,買權,202204,130.0,0,0,nan
GXO,買權,202204,135.0,0,0,nan
GXO,買權,202204,140.0,0,0,nan
GXO,買權,202204,145.0,0,0,nan
GXO,買權,202204,150.0,0,0,nan
GXO,買權,202204,155.0,0,0,nan
GXO,買權,202204,160.0,0,0,nan
GXO,買權,202204,165.0,0,0,nan
GXO,買權,202204,170.0,0,0,nan
GXO,買權,202204,175.0,0,0,nan
GXO,買權,202204,180.0,0,0,nan
GXO,賣權,202204,120.0,0,0,nan
GXO,賣權,202204,125.0,0,0,nan
GXO,賣權,202204,130.0,0,0,nan
GXO,賣權,202204,135.0,0,0,nan
GXO,賣權,202204,140.0,0,0,nan
GXO,賣權,202204,145.0,0,0,nan
GXO,賣權,202204,150.0,0,0,nan
GXO,賣權,202204,155.0,0,0,nan
GXO,賣權,202204,160.0,0,0,nan
GXO,賣權,202204,165.0,0,0,nan
GXO,賣權,202204,170.0,0,0,nan
GXO,賣權,202204,175.0,0,0,nan
GXO,賣權,202204,180.0,0,0,nan
GXO,買權,202205,120.0,0,0,nan
GXO,買權,202205,125.0,0,0,nan
GXO,買權,202205,130.0,0,0,nan
GXO,買權,202205,135.0,0,0,nan
GXO,買權,202205,140.0,0,0,nan
GXO,買權,202205,145.0,0,0,nan
GXO,買權,202205,150.0,0,0,nan
GXO,買權,202205,155.0,0,0,nan
GXO,買權,202205,160.0,0,0,nan
GXO,買權,202205,165.0,0,0,nan
GXO,買權,202205,170.0,0,0,nan
GXO,賣權,202205,120.0,0,0,nan
GXO,賣權,202205,125.0,0,0,nan
GXO,賣權,202205,130.0,0,0,nan
GXO,賣權,202205,135.0,0,0,nan
GXO,賣權,202205,140.0,0,0,nan
GXO,賣權,202205,145.0,0,0,nan
GXO,賣權,202205,150.0,0,0,nan
GXO,賣權,202205,155.0,0,0,nan
GXO,賣權,202205,160.0,0,0,nan
GXO,賣權,202205,165.0,0,0,nan
GXO,賣權,202205,170.0,0,0,nan
GXO,買權,202206,120.0,0,0,nan
GXO,買權,202206,130.0,0,0,nan
GXO,買權,202206,140.0,0,0,nan
GXO,買權,202206,150.0,0,0,nan
GXO,買權,202206,160.0,0,0,nan
GXO,買權,202206,170.0,0,0,nan
GXO,買權,202206,180.0,0,0,nan
GXO,買權,202206,190.0,0,0,nan
GXO,買權,202206,200.0,0,0,nan
GXO,賣權,202206,120.0,0,0,nan
GXO,賣權,202206,130.0,0,0,nan
GXO,賣權,202206,140.0,0,0,nan
GXO,賣權,202206,150.0,0,0,nan
GXO,賣權,202206,160.0,0,0,nan
GXO,賣權,202206,170.0,0,0,nan
GXO,賣權,202206,180.0,0,0,nan
GXO,賣權,202206,190.0,0,0,nan
GXO,賣權,202206,200.0,0,0,nan
GXO,買權,202209,120.0,0,0,nan
GXO,買權,202209,130.0,0,0,nan
GXO,買權,202209,140.0,0,0,nan
GXO,買權,202209,150.0,0,0,nan
GXO,買權,202209,160.0,0,0,nan
GXO,買權,202209,170.0,0,0,nan
GXO,買權,202209,180.0,0,0,nan
GXO,買權,202209,190.0,0,0,nan
GXO,買權,202209,200.0,0,0,nan
GXO,賣權,202209,120.0,0,0,nan
GXO,賣權,202209,130.0,0,0,nan
GXO,賣權,202209,140.0,0,0,nan
GXO,賣權,202209,150.0,0,0,nan
GXO,賣權,202209,160.0,0,0,nan
GXO,賣權,202209,170.0,0,0,nan
GXO,賣權,202209,180.0,0,0,nan
GXO,賣權,202209,190.0,0,0,nan
GXO,賣權,202209,200.0,0,0,nan
HCO,買權,202204,47.0,0,0,nan
HCO,買權,202204,48.0,0,0,nan
HCO,買權,202204,49.0,0,0,nan
HCO,買權,202204,50.0,0,0,nan
HCO,買權,202204,52.5,0,0,nan
HCO,買權,202204,55.0,0,0,nan
HCO,買權,202204,57.5,0,0,nan
HCO,買權,202204,60.0,0,0,nan
HCO,買權,202204,62.5,0,0,nan
HCO,買權,202204,65.0,4,0,9999.99
HCO,買權,202204,67.5,2,0,9999.99
HCO,買權,202204,70.0,0,0,nan
HCO,買權,202204,72.5,0,0,nan
HCO,買權,202204,75.0,0,0,nan
HCO,買權,202204,77.5,0,0,nan
HCO,賣權,202204,47.0,0,0,nan
HCO,賣權,202204,48.0,0,0,nan
HCO,賣權,202204,49.0,0,0,nan
HCO,賣權,202204,50.0,0,0,nan
HCO,賣權,202204,52.5,0,0,nan
HCO,賣權,202204,55.0,0,0,nan
HCO,賣權,202204,57.5,0,0,nan
HCO,賣權,202204,60.0,0,0,nan
HCO,賣權,202204,62.5,0,0,nan
HCO,賣權,202204,65.0,0,0,nan
HCO,賣權,202204,67.5,0,0,nan
HCO,賣權,202204,70.0,0,0,nan
HCO,賣權,202204,72.5,0,0,nan
HCO,賣權,202204,75.0,0,0,nan
HCO,賣權,202204,77.5,0,0,nan
HCO,買權,202205,47.0,0,0,nan
HCO,買權,202205,48.0,0,0,nan
HCO,買權,202205,49.0,0,0,nan
HCO,買權,202205,50.0,0,0,nan
HCO,買權,202205,52.5,0,0,nan
HCO,買權,202205,55.0,0,0,nan
HCO,買權,202205,57.5,0,0,nan
HCO,買權,202205,60.0,0,0,nan
HCO,買權,202205,62.5,0,0,nan
HCO,買權,202205,65.0,2,2,1.0
HCO,賣權,202205,47.0,0,0,nan
HCO,賣權,202205,48.0,0,0,nan
HCO,賣權,202205,49.0,0,0,nan
HCO,賣權,202205,50.0,0,0,nan
HCO,賣權,202205,52.5,0,0,nan
HCO,賣權,202205,55.0,0,0,nan
HCO,賣權,202205,57.5,0,0,nan
HCO,賣權,202205,60.0,0,0,nan
HCO,賣權,202205,62.5,0,0,nan
HCO,賣權,202205,65.0,0,0,nan
HCO,買權,202206,100.0,0,0,nan
HCO,買權,202206,110.0,0,0,nan
HCO,買權,202206,28.0,0,0,nan
HCO,買權,202206,30.0,0,0,nan
HCO,買權,202206,32.0,0,0,nan
HCO,買權,202206,34.0,0,0,nan
HCO,買權,202206,36.0,0,0,nan
HCO,買權,202206,38.0,0,0,nan
HCO,買權,202206,40.0,0,0,nan
HCO,買權,202206,42.0,0,0,nan
HCO,買權,202206,44.0,0,0,nan
HCO,買權,202206,46.0,0,0,nan
HCO,買權,202206,48.0,0,0,nan
HCO,買權,202206,50.0,0,0,nan
HCO,買權,202206,55.0,0,0,nan
HCO,買權,202206,60.0,0,0,nan
HCO,買權,202206,65.0,0,0,nan
HCO,買權,202206,70.0,0,0,nan
HCO,買權,202206,75.0,0,0,nan
HCO,買權,202206,80.0,0,0,nan
HCO,買權,202206,85.0,0,0,nan
HCO,買權,202206,90.0,0,0,nan
HCO,買權,202206,95.0,0,0,nan
HCO,賣權,202206,100.0,0,0,nan
HCO,賣權,202206,110.0,0,0,nan
HCO,賣權,202206,28.0,0,0,nan
HCO,賣權,202206,30.0,0,0,nan
HCO,賣權,202206,32.0,0,0,nan
HCO,賣權,202206,34.0,0,0,nan
HCO,賣權,202206,36.0,0,0,nan
HCO,賣權,202206,38.0,0,0,nan
HCO,賣權,202206,40.0,0,0,nan
HCO,賣權,202206,42.0,0,0,nan
HCO,賣權,202206,44.0,0,0,nan
HCO,賣權,202206,46.0,0,0,nan
HCO,賣權,202206,48.0,0,0,nan
HCO,賣權,202206,50.0,0,0,nan
HCO,賣權,202206,55.0,0,0,nan
HCO,賣權,202206,60.0,0,0,nan
HCO,賣權,202206,65.0,0,0,nan
HCO,賣權,202206,70.0,0,0,nan
HCO,賣權,202206,75.0,0,0,nan
HCO,賣權,202206,80.0,0,0,nan
HCO,賣權,202206,85.0,0,0,nan
HCO,賣權,202206,90.0,0,0,nan
HCO,賣權,202206,95.0,0,0,nan
HCO,買權,202209,100.0,0,0,nan
HCO,買權,202209,110.0,0,0,nan
HCO,買權,202209,36.0,0,0,nan
HCO,買權,202209,38.0,0,0,nan
HCO,買權,202209,40.0,0,0,nan
HCO,買權,202209,42.0,0,0,nan
HCO,買權,202209,44.0,0,0,nan
HCO,買權,202209,46.0,0,0,nan
HCO,買權,202209,48.0,0,0,nan
HCO,買權,202209,50.0,0,0,nan
HCO,買權,202209,55.0,0,0,nan
HCO,買權,202209,60.0,0,0,nan
HCO,買權,202209,65.0,0,0,nan
HCO,買權,202209,70.0,0,0,nan
HCO,買權,202209,75.0,0,0,nan
HCO,買權,202209,80.0,0,0,nan
HCO,買權,202209,85.0,0,0,nan
HCO,買權,202209,90.0,0,0,nan
HCO,買權,202209,95.0,0,0,nan
HCO,賣權,202209,100.0,0,0,nan
HCO,賣權,202209,110.0,0,0,nan
HCO,賣權,202209,36.0,0,0,nan
HCO,賣權,202209,38.0,0,0,nan
HCO,賣權,202209,40.0,0,0,nan
HCO,賣權,202209,42.0,0,0,nan
HCO,賣權,202209,44.0,0,0,nan
HCO,賣權,202209,46.0,0,0,nan
HCO,賣權,202209,48.0,0,0,nan
HCO,賣權,202209,50.0,0,0,nan
HCO,賣權,202209,55.0,0,0,nan
HCO,賣權,202209,60.0,0,0,nan
HCO,賣權,202209,65.0,0,0,nan
HCO,賣權,202209,70.0,0,0,nan
HCO,賣權,202209,75.0,0,0,nan
HCO,賣權,202209,80.0,0,0,nan
HCO,賣權,202209,85.0,0,0,nan
HCO,賣權,202209,90.0,0,0,nan
HCO,賣權,202209,95.0,0,0,nan
IJO,買權,202204,1650.0,0,0,nan
IJO,買權,202204,1700.0,0,0,nan
IJO,買權,202204,1750.0,0,0,nan
IJO,買權,202204,1800.0,0,0,nan
IJO,買權,202204,1850.0,0,0,nan
IJO,買權,202204,1900.0,0,0,nan
IJO,買權,202204,1950.0,0,0,nan
IJO,買權,202204,2000.0,0,0,nan
IJO,買權,202204,2050.0,0,0,nan
IJO,買權,202204,2100.0,0,0,nan
IJO,買權,202204,2150.0,0,0,nan
IJO,買權,202204,2200.0,0,0,nan
IJO,買權,202204,2250.0,0,0,nan
IJO,買權,202204,2300.0,0,0,nan
IJO,賣權,202204,1650.0,0,0,nan
IJO,賣權,202204,1700.0,0,0,nan
IJO,賣權,202204,1750.0,0,0,nan
IJO,賣權,202204,1800.0,0,0,nan
IJO,賣權,202204,1850.0,0,0,nan
IJO,賣權,202204,1900.0,0,0,nan
IJO,賣權,202204,1950.0,0,0,nan
IJO,賣權,202204,2000.0,0,0,nan
IJO,賣權,202204,2050.0,0,0,nan
IJO,賣權,202204,2100.0,0,0,nan
IJO,賣權,202204,2150.0,0,0,nan
IJO,賣權,202204,2200.0,0,0,nan
IJO,賣權,202204,2250.0,0,0,nan
IJO,賣權,202204,2300.0,0,0,nan
IJO,買權,202205,1650.0,0,0,nan
IJO,買權,202205,1700.0,0,0,nan
IJO,買權,202205,1750.0,0,0,nan
IJO,買權,202205,1800.0,0,0,nan
IJO,買權,202205,1850.0,0,0,nan
IJO,買權,202205,1900.0,0,0,nan
IJO,買權,202205,1950.0,0,0,nan
IJO,買權,202205,2000.0,0,0,nan
IJO,買權,202205,2050.0,0,0,nan
IJO,買權,202205,2100.0,0,0,nan
IJO,買權,202205,2150.0,0,0,nan
IJO,買權,202205,2200.0,0,0,nan
IJO,買權,202205,2250.0,0,0,nan
IJO,賣權,202205,1650.0,0,0,nan
IJO,賣權,202205,1700.0,0,0,nan
IJO,賣權,202205,1750.0,0,0,nan
IJO,賣權,202205,1800.0,0,0,nan
IJO,賣權,202205,1850.0,0,0,nan
IJO,賣權,202205,1900.0,0,0,nan
IJO,賣權,202205,1950.0,0,0,nan
IJO,賣權,202205,2000.0,0,0,nan
IJO,賣權,202205,2050.0,0,0,nan
IJO,賣權,202205,2100.0,0,0,nan
IJO,賣權,202205,2150.0,0,0,nan
IJO,賣權,202205,2200.0,0,0,nan
IJO,賣權,202205,2250.0,0,0,nan
IJO,買權,202206,1600.0,0,0,nan
IJO,買權,202206,1700.0,0,0,nan
IJO,買權,202206,1800.0,0,0,nan
IJO,買權,202206,1900.0,0,0,nan
IJO,買權,202206,2000.0,0,0,nan
IJO,買權,202206,2100.0,0,0,nan
IJO,買權,202206,2200.0,0,0,nan
IJO,買權,202206,2300.0,0,0,nan
IJO,賣權,202206,1600.0,0,0,nan
IJO,賣權,202206,1700.0,0,0,nan
IJO,賣權,202206,1800.0,0,0,nan
IJO,賣權,202206,1900.0,0,0,nan
IJO,賣權,202206,2000.0,0,0,nan
IJO,賣權,202206,2100.0,0,0,nan
IJO,賣權,202206,2200.0,0,0,nan
IJO,賣權,202206,2300.0,0,0,nan
LOO,買權,202204,22.0,0,0,nan
LOO,買權,202204,22.5,0,0,nan
LOO,買權,202204,23.0,0,0,nan
LOO,買權,202204,23.5,0,0,nan
LOO,買權,202204,24.0,0,0,nan
LOO,買權,202204,24.5,0,0,nan
LOO,買權,202204,25.0,0,0,nan
LOO,買權,202204,26.0,0,0,nan
LOO,買權,202204,27.0,0,0,nan
LOO,買權,202204,28.0,0,0,nan
LOO,買權,202204,29.0,0,0,nan
LOO,買權,202204,30.0,0,0,nan
LOO,買權,202204,31.0,0,0,nan
LOO,買權,202204,32.0,0,0,nan
LOO,賣權,202204,22.0,0,0,nan
LOO,賣權,202204,22.5,0,0,nan
LOO,賣權,202204,23.0,0,0,nan
LOO,賣權,202204,23.5,0,0,nan
LOO,賣權,202204,24.0,0,0,nan
LOO,賣權,202204,24.5,0,0,nan
LOO,賣權,202204,25.0,0,0,nan
LOO,賣權,202204,26.0,0,0,nan
LOO,賣權,202204,27.0,0,0,nan
LOO,賣權,202204,28.0,0,0,nan
LOO,賣權,202204,29.0,0,0,nan
LOO,賣權,202204,30.0,0,0,nan
LOO,賣權,202204,31.0,0,0,nan
LOO,賣權,202204,32.0,0,0,nan
LOO,買權,202205,23.0,0,0,nan
LOO,買權,202205,23.5,0,0,nan
LOO,買權,202205,24.0,0,0,nan
LOO,買權,202205,24.5,0,0,nan
LOO,買權,202205,25.0,0,0,nan
LOO,買權,202205,26.0,0,0,nan
LOO,買權,202205,27.0,0,0,nan
LOO,買權,202205,28.0,0,0,nan
LOO,買權,202205,29.0,0,0,nan
LOO,買權,202205,30.0,0,0,nan
LOO,買權,202205,31.0,0,0,nan
LOO,買權,202205,32.0,0,0,nan
LOO,賣權,202205,23.0,0,0,nan
LOO,賣權,202205,23.5,0,0,nan
LOO,賣權,202205,24.0,0,0,nan
LOO,賣權,202205,24.5,0,0,nan
LOO,賣權,202205,25.0,0,0,nan
LOO,賣權,202205,26.0,0,0,nan
LOO,賣權,202205,27.0,0,0,nan
LOO,賣權,202205,28.0,0,0,nan
LOO,賣權,202205,29.0,0,0,nan
LOO,賣權,202205,30.0,0,0,nan
LOO,賣權,202205,31.0,0,0,nan
LOO,賣權,202205,32.0,0,0,nan
LOO,買權,202206,18.0,0,0,nan
LOO,買權,202206,19.0,0,0,nan
LOO,買權,202206,20.0,0,0,nan
LOO,買權,202206,21.0,0,0,nan
LOO,買權,202206,22.0,0,0,nan
LOO,買權,202206,23.0,0,0,nan
LOO,買權,202206,24.0,0,0,nan
LOO,買權,202206,25.0,0,0,nan
LOO,買權,202206,26.0,0,0,nan
LOO,買權,202206,28.0,0,0,nan
LOO,買權,202206,30.0,0,0,nan
LOO,買權,202206,32.0,0,0,nan
LOO,賣權,202206,18.0,0,0,nan
LOO,賣權,202206,19.0,0,0,nan
LOO,賣權,202206,20.0,0,0,nan
LOO,賣權,202206,21.0,0,0,nan
LOO,賣權,202206,22.0,0,0,nan
LOO,賣權,202206,23.0,0,0,nan
LOO,賣權,202206,24.0,0,0,nan
LOO,賣權,202206,25.0,0,0,nan
LOO,賣權,202206,26.0,0,0,nan
LOO,賣權,202206,28.0,0,0,nan
LOO,賣權,202206,30.0,0,0,nan
LOO,賣權,202206,32.0,0,0,nan
LOO,買權,202209,19.0,0,0,nan
LOO,買權,202209,20.0,0,0,nan
LOO,買權,202209,21.0,0,0,nan
LOO,買權,202209,22.0,0,0,nan
LOO,買權,202209,23.0,0,0,nan
LOO,買權,202209,24.0,0,0,nan
LOO,買權,202209,25.0,0,0,nan
LOO,買權,202209,26.0,0,0,nan
LOO,買權,202209,28.0,0,0,nan
LOO,買權,202209,30.0,0,0,nan
LOO,賣權,202209,19.0,0,0,nan
LOO,賣權,202209,20.0,0,0,nan
LOO,賣權,202209,21.0,0,0,nan
LOO,賣權,202209,22.0,0,0,nan
LOO,賣權,202209,23.0,0,0,nan
LOO,賣權,202209,24.0,0,0,nan
LOO,賣權,202209,25.0,0,0,nan
LOO,賣權,202209,26.0,0,0,nan
LOO,賣權,202209,28.0,0,0,nan
LOO,賣權,202209,30.0,0,0,nan
NYO,買權,202204,110.0,0,0,nan
NYO,買權,202204,115.0,0,0,nan
NYO,買權,202204,120.0,0,0,nan
NYO,買權,202204,125.0,0,0,nan
NYO,買權,202204,130.0,0,0,nan
NYO,買權,202204,135.0,12,2,6.0
NYO,買權,202204,140.0,0,1,0.0
NYO,買權,202204,145.0,2,0,9999.99
NYO,買權,202204,150.0,8,0,9999.99
NYO,買權,202204,155.0,0,0,nan
NYO,買權,202204,160.0,0,0,nan
NYO,買權,202204,165.0,0,0,nan
NYO,買權,202204,170.0,0,0,nan
NYO,賣權,202204,110.0,0,0,nan
NYO,賣權,202204,115.0,4,1,4.0
NYO,賣權,202204,120.0,2,0,9999.99
NYO,賣權,202204,125.0,2,1,2.0
NYO,賣權,202204,130.0,2,0,9999.99
NYO,賣權,202204,135.0,2,0,9999.99
NYO,賣權,202204,140.0,0,0,nan
NYO,賣權,202204,145.0,0,0,nan
NYO,賣權,202204,150.0,0,0,nan
NYO,賣權,202204,155.0,0,0,nan
NYO,賣權,202204,160.0,0,0,nan
NYO,賣權,202204,165.0,0,0,nan
NYO,賣權,202204,170.0,0,0,nan
NYO,買權,202205,110.0,0,0,nan
NYO,買權,202205,115.0,0,0,nan
NYO,買權,202205,120.0,0,0,nan
NYO,買權,202205,125.0,0,0,nan
NYO,買權,202205,130.0,0,0,nan
NYO,買權,202205,135.0,0,0,nan
NYO,買權,202205,140.0,4,4,1.0
NYO,買權,202205,145.0,0,0,nan
NYO,買權,202205,150.0,0,0,nan
NYO,買權,202205,155.0,0,0,nan
NYO,賣權,202205,110.0,0,0,nan
NYO,賣權,202205,115.0,2,2,1.0
NYO,賣權,202205,120.0,0,0,nan
NYO,賣權,202205,125.0,0,0,nan
NYO,賣權,202205,130.0,0,0,nan
NYO,賣權,202205,135.0,0,0,nan
NYO,賣權,202205,140.0,0,0,nan
NYO,賣權,202205,145.0,0,0,nan
NYO,賣權,202205,150.0,0,0,nan
NYO,賣權,202205,155.0,0,0,nan
NYO,買權,202206,110.0,0,0,nan
NYO,買權,202206,120.0,0,0,nan
NYO,買權,202206,130.0,0,0,nan
NYO,買權,202206,140.0,0,0,nan
NYO,買權,202206,150.0,0,0,nan
NYO,買權,202206,160.0,0,0,nan
NYO,買權,202206,170.0,0,0,nan
NYO,賣權,202206,110.0,0,0,nan
NYO,賣權,202206,120.0,0,0,nan
NYO,賣權,202206,130.0,0,0,nan
NYO,賣權,202206,140.0,0,0,nan
NYO,賣權,202206,150.0,0,0,nan
NYO,賣權,202206,160.0,0,0,nan
NYO,賣權,202206,170.0,0,0,nan
NZO,買權,202204,16.5,0,0,nan
NZO,買權,202204,17.0,0,0,nan
NZO,買權,202204,17.5,0,0,nan
NZO,買權,202204,18.0,0,0,nan
NZO,買權,202204,18.5,0,0,nan
NZO,買權,202204,19.0,0,0,nan
NZO,買權,202204,19.5,0,4,0.0
NZO,買權,202204,20.0,4,1,4.0
NZO,買權,202204,20.5,10,0,9999.99
NZO,買權,202204,21.0,4,0,9999.99
NZO,買權,202204,21.5,2,0,9999.99
NZO,買權,202204,22.0,2,0,9999.99
NZO,買權,202204,22.5,0,0,nan
NZO,買權,202204,23.0,2,0,9999.99
NZO,買權,202204,23.5,0,0,nan
NZO,買權,202204,24.0,0,0,nan
NZO,買權,202204,24.5,0,0,nan
NZO,買權,202204,25.0,0,0,nan
NZO,買權,202204,26.0,0,0,nan
NZO,賣權,202204,16.5,0,0,nan
NZO,賣權,202204,17.0,0,0,nan
NZO,賣權,202204,17.5,0,0,nan
NZO,賣權,202204,18.0,0,0,nan
NZO,賣權,202204,18.5,0,0,nan
NZO,賣權,202204,19.0,0,0,nan
NZO,賣權,202204,19.5,40,0,9999.99
NZO,賣權,202204,20.0,4,5,0.8
NZO,賣權,202204,20.5,8,0,9999.99
NZO,賣權,202204,21.0,0,0,nan
NZO,賣權,202204,21.5,0,0,nan
NZO,賣權,202204,22.0,0,0,nan
NZO,賣權,202204,22.5,0,0,nan
NZO,賣權,202204,23.0,0,0,nan
NZO,賣權,202204,23.5,0,0,nan
NZO,賣權,202204,24.0,0,0,nan
NZO,賣權,202204,24.5,0,0,nan
NZO,賣權,202204,25.0,0,0,nan
NZO,賣權,202204,26.0,0,0,nan
NZO,買權,202205,16.5,0,0,nan
NZO,買權,202205,17.0,0,0,nan
NZO,買權,202205,17.5,0,0,nan
NZO,買權,202205,18.0,0,0,nan
NZO,買權,202205,18.5,0,0,nan
NZO,買權,202205,19.0,0,0,nan
NZO,買權,202205,19.5,0,0,nan
NZO,買權,202205,20.0,0,0,nan
NZO,買權,202205,20.5,0,0,nan
NZO,買權,202205,21.0,0,0,nan
NZO,買權,202205,21.5,0,0,nan
NZO,買權,202205,22.0,0,0,nan
NZO,買權,202205,22.5,0,0,nan
NZO,買權,202205,23.0,2,2,1.0
NZO,賣權,202205,16.5,0,0,nan
NZO,賣權,202205,17.0,0,0,nan
NZO,賣權,202205,17.5,0,0,nan
NZO,賣權,202205,18.0,0,0,nan
NZO,賣權,202205,18.5,0,0,nan
NZO,賣權,202205,19.0,0,0,nan
NZO,賣權,202205,19.5,0,0,nan
NZO,賣權,202205,20.0,0,0,nan
NZO,賣權,202205,20.5,0,0,nan
NZO,賣權,202205,21.0,0,0,nan
NZO,賣權,202205,21.5,0,0,nan
NZO,賣權,202205,22.0,0,0,nan
NZO,賣權,202205,22.5,0,0,nan
NZO,賣權,202205,23.0,0,0,nan
NZO,買權,202206,16.0,0,0,nan
NZO,買權,202206,17.0,0,0,nan
NZO,買權,202206,18.0,0,0,nan
NZO,買權,202206,19.0,0,0,nan
NZO,買權,202206,20.0,0,0,nan
NZO,買權,202206,21.0,0,0,nan
NZO,買權,202206,22.0,0,0,nan
NZO,買權,202206,23.0,0,0,nan
NZO,買權,202206,24.0,0,0,nan
NZO,買權,202206,25.0,0,0,nan
NZO,買權,202206,26.0,0,0,nan
NZO,買權,202206,28.0,0,0,nan
NZO,賣權,202206,16.0,0,0,nan
NZO,賣權,202206,17.0,0,0,nan
NZO,賣權,202206,18.0,0,0,nan
NZO,賣權,202206,19.0,0,0,nan
NZO,賣權,202206,20.0,0,0,nan
NZO,賣權,202206,21.0,0,0,nan
NZO,賣權,202206,22.0,0,0,nan
NZO,賣權,202206,23.0,0,0,nan
NZO,賣權,202206,24.0,0,0,nan
NZO,賣權,202206,25.0,0,0,nan
NZO,賣權,202206,26.0,0,0,nan
NZO,賣權,202206,28.0,0,0,nan
NZO,買權,202209,18.0,0,0,nan
NZO,買權,202209,19.0,0,0,nan
NZO,買權,202209,20.0,0,0,nan
NZO,買權,202209,21.0,0,0,nan
NZO,買權,202209,22.0,0,0,nan
NZO,買權,202209,23.0,0,0,nan
NZO,買權,202209,24.0,0,0,nan
NZO,買權,202209,25.0,0,0,nan
NZO,買權,202209,26.0,0,0,nan
NZO,買權,202209,28.0,0,0,nan
NZO,賣權,202209,18.0,0,0,nan
NZO,賣權,202209,19.0,0,0,nan
NZO,賣權,202209,20.0,0,0,nan
NZO,賣權,202209,21.0,0,0,nan
NZO,賣權,202209,22.0,0,0,nan
NZO,賣權,202209,23.0,0,0,nan
NZO,賣權,202209,24.0,0,0,nan
NZO,賣權,202209,25.0,0,0,nan
NZO,賣權,202209,26.0,0,0,nan
NZO,賣權,202209,28.0,0,0,nan
OAO,買權,202204,27.0,0,0,nan
OAO,買權,202204,28.0,0,0,nan
OAO,買權,202204,29.0,0,0,nan
OAO,買權,202204,30.0,0,0,nan
OAO,買權,202204,31.0,0,0,nan
OAO,買權,202204,32.0,4,1,4.0
OAO,買權,202204,33.0,16,4,4.0
OAO,買權,202204,34.0,18,6,3.0
OAO,買權,202204,35.0,42,12,3.5
OAO,買權,202204,36.0,70,44,1.59
OAO,買權,202204,37.0,148,20,7.4
OAO,買權,202204,38.0,40,4,10.0
OAO,買權,202204,39.0,4,0,9999.99
OAO,買權,202204,40.0,2,0,9999.99
OAO,買權,202204,41.0,0,0,nan
OAO,買權,202204,42.0,0,0,nan
OAO,賣權,202204,27.0,0,0,nan
OAO,賣權,202204,28.0,0,0,nan
OAO,賣權,202204,29.0,0,0,nan
OAO,賣權,202204,30.0,12,2,6.0
OAO,賣權,202204,31.0,40,4,10.0
OAO,賣權,202204,32.0,30,3,10.0
OAO,賣權,202204,33.0,10,0,9999.99
OAO,賣權,202204,34.0,50,1,50.0
OAO,賣權,202204,35.0,28,0,9999.99
OAO,賣權,202204,36.0,20,2,10.0
OAO,賣權,202204,37.0,118,12,9.83
OAO,賣權,202204,38.0,0,0,nan
OAO,賣權,202204,39.0,0,0,nan
OAO,賣權,202204,40.0,0,0,nan
OAO,賣權,202204,41.0,0,0,nan
OAO,賣權,202204,42.0,0,0,nan
OAO,買權,202205,28.0,0,0,nan
OAO,買權,202205,29.0,0,0,nan
OAO,買權,202205,30.0,0,0,nan
OAO,買權,202205,31.0,0,0,nan
OAO,買權,202205,32.0,0,0,nan
OAO,買權,202205,33.0,0,0,nan
OAO,買權,202205,34.0,4,24,0.17
OAO,買權,202205,35.0,2,2,1.0
OAO,買權,202205,36.0,0,0,nan
OAO,買權,202205,37.0,16,16,1.0
OAO,買權,202205,38.0,0,0,nan
OAO,賣權,202205,28.0,0,0,nan
OAO,賣權,202205,29.0,0,0,nan
OAO,賣權,202205,30.0,0,0,nan
OAO,賣權,202205,31.0,6,6,1.0
OAO,賣權,202205,32.0,0,0,nan
OAO,賣權,202205,33.0,0,0,nan
OAO,賣權,202205,34.0,0,0,nan
OAO,賣權,202205,35.0,0,0,nan
OAO,賣權,202205,36.0,0,0,nan
OAO,賣權,202205,37.0,10,10,1.0
OAO,賣權,202205,38.0,0,0,nan
OAO,買權,202206,26.0,0,0,nan
OAO,買權,202206,28.0,0,0,nan
OAO,買權,202206,30.0,0,0,nan
OAO,買權,202206,32.0,0,0,nan
OAO,買權,202206,34.0,0,0,nan
OAO,買權,202206,36.0,0,0,nan
OAO,買權,202206,38.0,0,0,nan
OAO,買權,202206,40.0,0,0,nan
OAO,買權,202206,42.0,0,0,nan
OAO,買權,202206,44.0,0,0,nan
OAO,買權,202206,46.0,0,0,nan
OAO,賣權,202206,26.0,0,0,nan
OAO,賣權,202206,28.0,0,0,nan
OAO,賣權,202206,30.0,0,0,nan
OAO,賣權,202206,32.0,0,0,nan
OAO,賣權,202206,34.0,0,0,nan
OAO,賣權,202206,36.0,0,0,nan
OAO,賣權,202206,38.0,0,0,nan
OAO,賣權,202206,40.0,0,0,nan
OAO,賣權,202206,42.0,0,0,nan
OAO,賣權,202206,44.0,0,0,nan
OAO,賣權,202206,46.0,0,0,nan
OAO,買權,202209,30.0,0,0,nan
OAO,買權,202209,32.0,0,0,nan
OAO,買權,202209,34.0,0,0,nan
OAO,買權,202209,36.0,0,0,nan
OAO,買權,202209,38.0,0,0,nan
OAO,買權,202209,40.0,0,0,nan
OAO,買權,202209,42.0,0,0,nan
OAO,買權,202209,44.0,0,0,nan
OAO,買權,202209,46.0,0,0,nan
OAO,賣權,202209,30.0,0,0,nan
OAO,賣權,202209,32.0,0,0,nan
OAO,賣權,202209,34.0,0,0,nan
OAO,賣權,202209,36.0,0,0,nan
OAO,賣權,202209,38.0,0,0,nan
OAO,賣權,202209,40.0,0,0,nan
OAO,賣權,202209,42.0,0,0,nan
OAO,賣權,202209,44.0,0,0,nan
OAO,賣權,202209,46.0,0,0,nan
OBO,買權,202204,26.0,0,0,nan
OBO,買權,202204,27.0,0,0,nan
OBO,買權,202204,28.0,0,0,nan
OBO,買權,202204,29.0,0,0,nan
OBO,買權,202204,30.0,0,0,nan
OBO,買權,202204,31.0,0,0,nan
OBO,買權,202204,32.0,14,4,3.5
OBO,買權,202204,33.0,16,3,5.33
OBO,買權,202204,34.0,14,3,4.67
OBO,買權,202204,35.0,18,2,9.0
OBO,買權,202204,36.0,0,0,nan
OBO,買權,202204,37.0,0,0,nan
OBO,買權,202204,38.0,0,0,nan
OBO,買權,202204,39.0,0,0,nan
OBO,買權,202204,40.0,0,0,nan
OBO,買權,202204,41.0,0,0,nan
OBO,賣權,202204,26.0,0,0,nan
OBO,賣權,202204,27.0,0,0,nan
OBO,賣權,202204,28.0,0,0,nan
OBO,賣權,202204,29.0,14,3,4.67
OBO,賣權,202204,30.0,8,2,4.0
OBO,賣權,202204,31.0,24,5,4.8
OBO,賣權,202204,32.0,34,6,5.67
OBO,賣權,202204,33.0,146,8,18.25
OBO,賣權,202204,34.0,4,0,9999.99
OBO,賣權,202204,35.0,0,0,nan
OBO,賣權,202204,36.0,0,0,nan
OBO,賣權,202204,37.0,0,0,nan
OBO,賣權,202204,38.0,0,0,nan
OBO,賣權,202204,39.0,0,0,nan
OBO,賣權,202204,40.0,0,0,nan
OBO,賣權,202204,41.0,0,0,nan
OBO,買權,202205,27.0,0,0,nan
OBO,買權,202205,28.0,0,0,nan
OBO,買權,202205,29.0,0,0,nan
OBO,買權,202205,30.0,0,0,nan
OBO,買權,202205,31.0,0,0,nan
OBO,買權,202205,32.0,0,0,nan
OBO,買權,202205,33.0,4,4,1.0
OBO,買權,202205,34.0,0,0,nan
OBO,買權,202205,35.0,0,0,nan
OBO,買權,202205,36.0,0,0,nan
OBO,買權,202205,37.0,0,0,nan
OBO,賣權,202205,27.0,0,0,nan
OBO,賣權,202205,28.0,0,0,nan
OBO,賣權,202205,29.0,0,0,nan
OBO,賣權,202205,30.0,4,4,1.0
OBO,賣權,202205,31.0,4,4,1.0
OBO,賣權,202205,32.0,2,2,1.0
OBO,賣權,202205,33.0,10,10,1.0
OBO,賣權,202205,34.0,0,0,nan
OBO,賣權,202205,35.0,0,0,nan
OBO,賣權,202205,36.0,0,0,nan
OBO,賣權,202205,37.0,0,0,nan
OBO,買權,202206,26.0,0,0,nan
OBO,買權,202206,28.0,0,0,nan
OBO,買權,202206,30.0,0,0,nan
OBO,買權,202206,32.0,0,0,nan
OBO,買權,202206,34.0,0,0,nan
OBO,買權,202206,36.0,0,0,nan
OBO,買權,202206,38.0,0,0,nan
OBO,買權,202206,40.0,0,0,nan
OBO,買權,202206,42.0,0,0,nan
OBO,買權,202206,44.0,0,0,nan
OBO,賣權,202206,26.0,0,0,nan
OBO,賣權,202206,28.0,0,0,nan
OBO,賣權,202206,30.0,0,0,nan
OBO,賣權,202206,32.0,0,0,nan
OBO,賣權,202206,34.0,0,0,nan
OBO,賣權,202206,36.0,0,0,nan
OBO,賣權,202206,38.0,0,0,nan
OBO,賣權,202206,40.0,0,0,nan
OBO,賣權,202206,42.0,0,0,nan
OBO,賣權,202206,44.0,0,0,nan
OBO,買權,202209,28.0,0,0,nan
OBO,買權,202209,30.0,0,0,nan
OBO,買權,202209,32.0,0,0,nan
OBO,買權,202209,34.0,0,0,nan
OBO,買權,202209,36.0,0,0,nan
OBO,買權,202209,38.0,0,0,nan
OBO,買權,202209,40.0,0,0,nan
OBO,買權,202209,42.0,0,0,nan
OBO,買權,202209,44.0,0,0,nan
OBO,賣權,202209,28.0,0,0,nan
OBO,賣權,202209,30.0,0,0,nan
OBO,賣權,202209,32.0,0,0,nan
OBO,賣權,202209,34.0,0,0,nan
OBO,賣權,202209,36.0,0,0,nan
OBO,賣權,202209,38.0,0,0,nan
OBO,賣權,202209,40.0,0,0,nan
OBO,賣權,202209,42.0,0,0,nan
OBO,賣權,202209,44.0,0,0,nan
OCO,買權,202204,21.5,0,0,nan
OCO,買權,202204,22.0,0,0,nan
OCO,買權,202204,22.5,0,0,nan
OCO,買權,202204,23.0,0,0,nan
OCO,買權,202204,23.5,0,0,nan
OCO,買權,202204,24.0,0,0,nan
OCO,買權,202204,24.5,8,2,4.0
OCO,買權,202204,25.0,10,2,5.0
OCO,買權,202204,26.0,12,7,1.71
OCO,買權,202204,27.0,6,1,6.0
OCO,買權,202204,28.0,50,3,16.67
OCO,買權,202204,29.0,36,0,9999.99
OCO,買權,202204,30.0,18,0,9999.99
OCO,買權,202204,31.0,0,0,nan
OCO,買權,202204,32.0,0,0,nan
OCO,買權,202204,33.0,0,0,nan
OCO,買權,202204,34.0,0,0,nan
OCO,賣權,202204,21.5,0,0,nan
OCO,賣權,202204,22.0,0,0,nan
OCO,賣權,202204,22.5,0,0,nan
OCO,賣權,202204,23.0,12,2,6.0
OCO,賣權,202204,23.5,0,0,nan
OCO,賣權,202204,24.0,34,0,9999.99
OCO,賣權,202204,24.5,30,6,5.0
OCO,賣權,202204,25.0,2,0,9999.99
OCO,賣權,202204,26.0,28,3,9.33
OCO,賣權,202204,27.0,32,4,8.0
OCO,賣權,202204,28.0,22,0,9999.99
OCO,賣權,202204,29.0,2,0,9999.99
OCO,賣權,202204,30.0,0,0,nan
OCO,賣權,202204,31.0,0,0,nan
OCO,賣權,202204,32.0,0,0,nan
OCO,賣權,202204,33.0,0,0,nan
OCO,賣權,202204,34.0,0,0,nan
OCO,買權,202205,21.5,0,0,nan
OCO,買權,202205,22.0,0,0,nan
OCO,買權,202205,22.5,0,0,nan
OCO,買權,202205,23.0,0,0,nan
OCO,買權,202205,23.5,0,0,nan
OCO,買權,202205,24.0,0,0,nan
OCO,買權,202205,24.5,0,0,nan
OCO,買權,202205,25.0,0,0,nan
OCO,買權,202205,26.0,0,0,nan
OCO,買權,202205,27.0,0,0,nan
OCO,買權,202205,28.0,0,0,nan
OCO,買權,202205,29.0,0,0,nan
OCO,買權,202205,30.0,0,0,nan
OCO,賣權,202205,21.5,0,0,nan
OCO,賣權,202205,22.0,0,0,nan
OCO,賣權,202205,22.5,0,0,nan
OCO,賣權,202205,23.0,0,0,nan
OCO,賣權,202205,23.5,0,0,nan
OCO,賣權,202205,24.0,0,0,nan
OCO,賣權,202205,24.5,0,0,nan
OCO,賣權,202205,25.0,0,0,nan
OCO,賣權,202205,26.0,0,0,nan
OCO,賣權,202205,27.0,0,0,nan
OCO,賣權,202205,28.0,0,0,nan
OCO,賣權,202205,29.0,0,0,nan
OCO,賣權,202205,30.0,0,0,nan
OCO,買權,202206,21.0,0,0,nan
OCO,買權,202206,22.0,0,0,nan
OCO,買權,202206,23.0,0,0,nan
OCO,買權,202206,24.0,0,0,nan
OCO,買權,202206,25.0,0,0,nan
OCO,買權,202206,26.0,0,0,nan
OCO,買權,202206,28.0,0,0,nan
OCO,買權,202206,30.0,0,0,nan
OCO,買權,202206,32.0,0,0,nan
OCO,買權,202206,34.0,0,0,nan
OCO,買權,202206,36.0,0,0,nan
OCO,賣權,202206,21.0,0,0,nan
OCO,賣權,202206,22.0,0,0,nan
OCO,賣權,202206,23.0,0,0,nan
OCO,賣權,202206,24.0,0,0,nan
OCO,賣權,202206,25.0,0,0,nan
OCO,賣權,202206,26.0,0,0,nan
OCO,賣權,202206,28.0,0,0,nan
OCO,賣權,202206,30.0,0,0,nan
OCO,賣權,202206,32.0,0,0,nan
OCO,賣權,202206,34.0,0,0,nan
OCO,賣權,202206,36.0,0,0,nan
OCO,買權,202209,24.0,0,0,nan
OCO,買權,202209,25.0,0,0,nan
OCO,買權,202209,26.0,0,0,nan
OCO,買權,202209,28.0,0,0,nan
OCO,買權,202209,30.0,0,0,nan
OCO,買權,202209,32.0,0,0,nan
OCO,買權,202209,34.0,0,0,nan
OCO,買權,202209,36.0,0,0,nan
OCO,賣權,202209,24.0,0,0,nan
OCO,賣權,202209,25.0,0,0,nan
OCO,賣權,202209,26.0,0,0,nan
OCO,賣權,202209,28.0,0,0,nan
OCO,賣權,202209,30.0,0,0,nan
OCO,賣權,202209,32.0,0,0,nan
OCO,賣權,202209,34.0,0,0,nan
OCO,賣權,202209,36.0,0,0,nan
OJO,買權,202204,18.0,0,0,nan
OJO,買權,202204,18.5,0,0,nan
OJO,買權,202204,19.0,0,0,nan
OJO,買權,202204,19.5,0,0,nan
OJO,買權,202204,20.0,0,0,nan
OJO,買權,202204,20.5,6,1,6.0
OJO,買權,202204,21.0,12,10,1.2
OJO,買權,202204,21.5,42,15,2.8
OJO,買權,202204,22.0,26,6,4.33
OJO,買權,202204,22.5,22,5,4.4
OJO,買權,202204,23.0,18,10,1.8
OJO,買權,202204,23.5,12,5,2.4
OJO,買權,202204,24.0,22,4,5.5
OJO,買權,202204,24.5,10,1,10.0
OJO,買權,202204,25.0,0,0,nan
OJO,買權,202204,26.0,0,0,nan
OJO,買權,202204,27.0,0,0,nan
OJO,買權,202204,28.0,0,0,nan
OJO,買權,202204,29.0,0,0,nan
OJO,賣權,202204,18.0,0,0,nan
OJO,賣權,202204,18.5,0,0,nan
OJO,賣權,202204,19.0,0,0,nan
OJO,賣權,202204,19.5,0,0,nan
OJO,賣權,202204,20.0,20,0,9999.99
OJO,賣權,202204,20.5,6,2,3.0
OJO,賣權,202204,21.0,24,6,4.0
OJO,賣權,202204,21.5,58,7,8.29
OJO,賣權,202204,22.0,42,17,2.47
OJO,賣權,202204,22.5,62,0,9999.99
OJO,賣權,202204,23.0,92,0,9999.99
OJO,賣權,202204,23.5,48,2,24.0
OJO,賣權,202204,24.0,26,0,9999.99
OJO,賣權,202204,24.5,32,0,9999.99
OJO,賣權,202204,25.0,22,0,9999.99
OJO,賣權,202204,26.0,0,0,nan
OJO,賣權,202204,27.0,0,0,nan
OJO,賣權,202204,28.0,0,0,nan
OJO,賣權,202204,29.0,0,0,nan
OJO,買權,202205,18.0,0,0,nan
OJO,買權,202205,18.5,0,0,nan
OJO,買權,202205,19.0,0,0,nan
OJO,買權,202205,19.5,0,0,nan
OJO,買權,202205,20.0,0,0,nan
OJO,買權,202205,20.5,0,0,nan
OJO,買權,202205,21.0,34,36,0.94
OJO,買權,202205,21.5,0,0,nan
OJO,買權,202205,22.0,0,0,nan
OJO,買權,202205,22.5,0,0,nan
OJO,買權,202205,23.0,0,0,nan
OJO,買權,202205,23.5,0,0,nan
OJO,買權,202205,24.0,0,0,nan
OJO,買權,202205,24.5,2,2,1.0
OJO,買權,202205,25.0,0,0,nan
OJO,賣權,202205,18.0,0,0,nan
OJO,賣權,202205,18.5,0,0,nan
OJO,賣權,202205,19.0,0,0,nan
OJO,賣權,202205,19.5,0,0,nan
OJO,賣權,202205,20.0,0,0,nan
OJO,賣權,202205,20.5,0,0,nan
OJO,賣權,202205,21.0,0,0,nan
OJO,賣權,202205,21.5,0,0,nan
OJO,賣權,202205,22.0,0,0,nan
OJO,賣權,202205,22.5,0,0,nan
OJO,賣權,202205,23.0,0,0,nan
OJO,賣權,202205,23.5,0,0,nan
OJO,賣權,202205,24.0,0,0,nan
OJO,賣權,202205,24.5,0,0,nan
OJO,賣權,202205,25.0,0,0,nan
OJO,買權,202206,18.0,0,0,nan
OJO,買權,202206,19.0,0,0,nan
OJO,買權,202206,20.0,0,0,nan
OJO,買權,202206,21.0,0,0,nan
OJO,買權,202206,22.0,0,0,nan
OJO,買權,202206,23.0,0,0,nan
OJO,買權,202206,24.0,0,0,nan
OJO,買權,202206,25.0,0,0,nan
OJO,買權,202206,26.0,0,0,nan
OJO,買權,202206,28.0,0,0,nan
OJO,買權,202206,30.0,0,0,nan
OJO,買權,202206,32.0,0,0,nan
OJO,賣權,202206,18.0,0,0,nan
OJO,賣權,202206,19.0,0,0,nan
OJO,賣權,202206,20.0,0,0,nan
OJO,賣權,202206,21.0,0,0,nan
OJO,賣權,202206,22.0,0,0,nan
OJO,賣權,202206,23.0,0,0,nan
OJO,賣權,202206,24.0,0,0,nan
OJO,賣權,202206,25.0,0,0,nan
OJO,賣權,202206,26.0,0,0,nan
OJO,賣權,202206,28.0,0,0,nan
OJO,賣權,202206,30.0,0,0,nan
OJO,賣權,202206,32.0,0,0,nan
OJO,買權,202209,20.0,0,0,nan
OJO,買權,202209,21.0,0,0,nan
OJO,買權,202209,22.0,0,0,nan
OJO,買權,202209,23.0,0,0,nan
OJO,買權,202209,24.0,0,0,nan
OJO,買權,202209,25.0,0,0,nan
OJO,買權,202209,26.0,0,0,nan
OJO,買權,202209,28.0,0,0,nan
OJO,買權,202209,30.0,0,0,nan
OJO,買權,202209,32.0,0,0,nan
OJO,賣權,202209,20.0,0,0,nan
OJO,賣權,202209,21.0,0,0,nan
OJO,賣權,202209,22.0,0,0,nan
OJO,賣權,202209,23.0,0,0,nan
OJO,賣權,202209,24.0,0,0,nan
OJO,賣權,202209,25.0,0,0,nan
OJO,賣權,202209,26.0,0,0,nan
OJO,賣權,202209,28.0,0,0,nan
OJO,賣權,202209,30.0,0,0,nan
OJO,賣權,202209,32.0,0,0,nan
OKO,買權,202204,11.0,0,0,nan
OKO,買權,202204,11.5,0,0,nan
OKO,買權,202204,12.0,0,0,nan
OKO,買權,202204,12.5,0,0,nan
OKO,買權,202204,13.0,50,12,4.17
OKO,買權,202204,13.5,12,7,1.71
OKO,買權,202204,14.0,22,14,1.57
OKO,買權,202204,14.5,4,5,0.8
OKO,買權,202204,15.0,8,4,2.0
OKO,買權,202204,15.5,22,6,3.67
OKO,買權,202204,16.0,4,1,4.0
OKO,買權,202204,16.5,0,0,nan
OKO,買權,202204,17.0,0,0,nan
OKO,買權,202204,17.5,0,0,nan
OKO,買權,202204,18.0,0,0,nan
OKO,賣權,202204,11.0,0,0,nan
OKO,賣權,202204,11.5,0,0,nan
OKO,賣權,202204,12.0,0,2,0.0
OKO,賣權,202204,12.5,60,17,3.53
OKO,賣權,202204,13.0,12,4,3.0
OKO,賣權,202204,13.5,4,2,2.0
OKO,賣權,202204,14.0,0,0,nan
OKO,賣權,202204,14.5,0,0,nan
OKO,賣權,202204,15.0,0,0,nan
OKO,賣權,202204,15.5,0,0,nan
OKO,賣權,202204,16.0,12,0,9999.99
OKO,賣權,202204,16.5,0,0,nan
OKO,賣權,202204,17.0,0,0,nan
OKO,賣權,202204,17.5,0,0,nan
OKO,賣權,202204,18.0,0,0,nan
OKO,買權,202205,11.5,0,0,nan
OKO,買權,202205,12.0,0,0,nan
OKO,買權,202205,12.5,0,0,nan
OKO,買權,202205,13.0,0,0,nan
OKO,買權,202205,13.5,0,0,nan
OKO,買權,202205,14.0,0,0,nan
OKO,買權,202205,14.5,0,0,nan
OKO,買權,202205,15.0,0,0,nan
OKO,買權,202205,15.5,0,0,nan
OKO,買權,202205,16.0,0,0,nan
OKO,賣權,202205,11.5,0,0,nan
OKO,賣權,202205,12.0,0,0,nan
OKO,賣權,202205,12.5,0,0,nan
OKO,賣權,202205,13.0,0,0,nan
OKO,賣權,202205,13.5,0,0,nan
OKO,賣權,202205,14.0,0,0,nan
OKO,賣權,202205,14.5,0,0,nan
OKO,賣權,202205,15.0,0,0,nan
OKO,賣權,202205,15.5,0,0,nan
OKO,賣權,202205,16.0,0,0,nan
OKO,買權,202206,11.0,0,0,nan
OKO,買權,202206,12.0,0,0,nan
OKO,買權,202206,13.0,0,0,nan
OKO,買權,202206,14.0,0,0,nan
OKO,買權,202206,15.0,0,0,nan
OKO,買權,202206,16.0,0,0,nan
OKO,買權,202206,17.0,0,0,nan
OKO,買權,202206,18.0,0,0,nan
OKO,買權,202206,19.0,0,0,nan
OKO,買權,202206,20.0,0,0,nan
OKO,買權,202206,21.0,0,0,nan
OKO,賣權,202206,11.0,0,0,nan
OKO,賣權,202206,12.0,0,0,nan
OKO,賣權,202206,13.0,0,0,nan
OKO,賣權,202206,14.0,0,0,nan
OKO,賣權,202206,15.0,0,0,nan
OKO,賣權,202206,16.0,0,0,nan
OKO,賣權,202206,17.0,0,0,nan
OKO,賣權,202206,18.0,0,0,nan
OKO,賣權,202206,19.0,0,0,nan
OKO,賣權,202206,20.0,0,0,nan
OKO,賣權,202206,21.0,0,0,nan
OKO,買權,202209,13.0,0,0,nan
OKO,買權,202209,14.0,0,0,nan
OKO,買權,202209,15.0,0,0,nan
OKO,買權,202209,16.0,0,0,nan
OKO,買權,202209,17.0,0,0,nan
OKO,買權,202209,18.0,0,0,nan
OKO,買權,202209,19.0,0,0,nan
OKO,買權,202209,20.0,0,0,nan
OKO,賣權,202209,13.0,0,0,nan
OKO,賣權,202209,14.0,0,0,nan
OKO,賣權,202209,15.0,0,0,nan
OKO,賣權,202209,16.0,0,0,nan
OKO,賣權,202209,17.0,0,0,nan
OKO,賣權,202209,18.0,0,0,nan
OKO,賣權,202209,19.0,0,0,nan
OKO,賣權,202209,20.0,0,0,nan
OOO,買權,202204,13.5,0,0,nan
OOO,買權,202204,14.0,0,0,nan
OOO,買權,202204,14.5,0,0,nan
OOO,買權,202204,15.0,0,0,nan
OOO,買權,202204,15.5,8,0,9999.99
OOO,買權,202204,16.0,2,0,9999.99
OOO,買權,202204,16.5,0,0,nan
OOO,買權,202204,17.0,2,0,9999.99
OOO,買權,202204,17.5,0,0,nan
OOO,買權,202204,18.0,24,2,12.0
OOO,買權,202204,18.5,0,0,nan
OOO,買權,202204,19.0,0,0,nan
OOO,買權,202204,19.5,0,0,nan
OOO,買權,202204,20.0,0,0,nan
OOO,買權,202204,20.5,0,0,nan
OOO,買權,202204,21.0,0,0,nan
OOO,買權,202204,21.5,0,0,nan
OOO,賣權,202204,13.5,0,0,nan
OOO,賣權,202204,14.0,0,0,nan
OOO,賣權,202204,14.5,0,0,nan
OOO,賣權,202204,15.0,12,6,2.0
OOO,賣權,202204,15.5,0,4,0.0
OOO,賣權,202204,16.0,2,0,9999.99
OOO,賣權,202204,16.5,2,0,9999.99
OOO,賣權,202204,17.0,0,0,nan
OOO,賣權,202204,17.5,0,0,nan
OOO,賣權,202204,18.0,0,0,nan
OOO,賣權,202204,18.5,0,0,nan
OOO,賣權,202204,19.0,0,0,nan
OOO,賣權,202204,19.5,0,0,nan
OOO,賣權,202204,20.0,0,0,nan
OOO,賣權,202204,20.5,0,0,nan
OOO,賣權,202204,21.0,0,0,nan
OOO,賣權,202204,21.5,0,0,nan
OOO,買權,202205,13.5,0,0,nan
OOO,買權,202205,14.0,0,0,nan
OOO,買權,202205,14.5,0,0,nan
OOO,買權,202205,15.0,0,0,nan
OOO,買權,202205,15.5,0,0,nan
OOO,買權,202205,16.0,0,0,nan
OOO,買權,202205,16.5,0,0,nan
OOO,買權,202205,17.0,0,0,nan
OOO,買權,202205,17.5,0,0,nan
OOO,買權,202205,18.0,0,0,nan
OOO,買權,202205,18.5,0,0,nan
OOO,買權,202205,19.0,0,0,nan
OOO,賣權,202205,13.5,0,0,nan
OOO,賣權,202205,14.0,0,0,nan
OOO,賣權,202205,14.5,0,0,nan
OOO,賣權,202205,15.0,0,0,nan
OOO,賣權,202205,15.5,0,0,nan
OOO,賣權,202205,16.0,0,0,nan
OOO,賣權,202205,16.5,0,0,nan
OOO,賣權,202205,17.0,0,0,nan
OOO,賣權,202205,17.5,0,0,nan
OOO,賣權,202205,18.0,0,0,nan
OOO,賣權,202205,18.5,0,0,nan
OOO,賣權,202205,19.0,0,0,nan
OOO,買權,202206,13.0,0,0,nan
OOO,買權,202206,14.0,0,0,nan
OOO,買權,202206,15.0,0,0,nan
OOO,買權,202206,16.0,0,0,nan
OOO,買權,202206,17.0,0,0,nan
OOO,買權,202206,18.0,0,0,nan
OOO,買權,202206,19.0,0,0,nan
OOO,買權,202206,20.0,0,0,nan
OOO,買權,202206,21.0,0,0,nan
OOO,買權,202206,22.0,0,0,nan
OOO,買權,202206,23.0,0,0,nan
OOO,賣權,202206,13.0,0,0,nan
OOO,賣權,202206,14.0,0,0,nan
OOO,賣權,202206,15.0,0,0,nan
OOO,賣權,202206,16.0,0,0,nan
OOO,賣權,202206,17.0,0,0,nan
OOO,賣權,202206,18.0,0,0,nan
OOO,賣權,202206,19.0,0,0,nan
OOO,賣權,202206,20.0,0,0,nan
OOO,賣權,202206,21.0,0,0,nan
OOO,賣權,202206,22.0,0,0,nan
OOO,賣權,202206,23.0,0,0,nan
OOO,買權,202209,15.0,0,0,nan
OOO,買權,202209,16.0,0,0,nan
OOO,買權,202209,17.0,0,0,nan
OOO,買權,202209,18.0,0,0,nan
OOO,買權,202209,19.0,0,0,nan
OOO,買權,202209,20.0,0,0,nan
OOO,買權,202209,21.0,0,0,nan
OOO,買權,202209,22.0,0,0,nan
OOO,買權,202209,23.0,0,0,nan
OOO,賣權,202209,15.0,0,0,nan
OOO,賣權,202209,16.0,0,0,nan
OOO,賣權,202209,17.0,0,0,nan
OOO,賣權,202209,18.0,0,0,nan
OOO,賣權,202209,19.0,0,0,nan
OOO,賣權,202209,20.0,0,0,nan
OOO,賣權,202209,21.0,0,0,nan
OOO,賣權,202209,22.0,0,0,nan
OOO,賣權,202209,23.0,0,0,nan
OZO,買權,202204,100.0,0,0,nan
OZO,買權,202204,105.0,0,0,nan
OZO,買權,202204,110.0,0,0,nan
OZO,買權,202204,115.0,0,0,nan
OZO,買權,202204,120.0,0,0,nan
OZO,買權,202204,125.0,0,0,nan
OZO,買權,202204,80.0,0,0,nan
OZO,買權,202204,82.5,0,0,nan
OZO,買權,202204,85.0,0,0,nan
OZO,買權,202204,87.5,0,0,nan
OZO,買權,202204,90.0,0,0,nan
OZO,買權,202204,92.5,0,0,nan
OZO,買權,202204,95.0,0,0,nan
OZO,買權,202204,97.5,0,0,nan
OZO,賣權,202204,100.0,0,0,nan
OZO,賣權,202204,105.0,0,0,nan
OZO,賣權,202204,110.0,0,0,nan
OZO,賣權,202204,115.0,0,0,nan
OZO,賣權,202204,120.0,0,0,nan
OZO,賣權,202204,125.0,0,0,nan
OZO,賣權,202204,80.0,0,0,nan
OZO,賣權,202204,82.5,0,0,nan
OZO,賣權,202204,85.0,0,0,nan
OZO,賣權,202204,87.5,0,0,nan
OZO,賣權,202204,90.0,0,0,nan
OZO,賣權,202204,92.5,0,0,nan
OZO,賣權,202204,95.0,0,0,nan
OZO,賣權,202204,97.5,0,0,nan
OZO,買權,202205,100.0,0,0,nan
OZO,買權,202205,105.0,0,0,nan
OZO,買權,202205,110.0,0,0,nan
OZO,買權,202205,115.0,0,0,nan
OZO,買權,202205,82.5,0,0,nan
OZO,買權,202205,85.0,0,0,nan
OZO,買權,202205,87.5,0,0,nan
OZO,買權,202205,90.0,0,0,nan
OZO,買權,202205,92.5,0,0,nan
OZO,買權,202205,95.0,0,0,nan
OZO,買權,202205,97.5,0,0,nan
OZO,賣權,202205,100.0,0,0,nan
OZO,賣權,202205,105.0,0,0,nan
OZO,賣權,202205,110.0,0,0,nan
OZO,賣權,202205,115.0,0,0,nan
OZO,賣權,202205,82.5,0,0,nan
OZO,賣權,202205,85.0,0,0,nan
OZO,賣權,202205,87.5,0,0,nan
OZO,賣權,202205,90.0,0,0,nan
OZO,賣權,202205,92.5,0,0,nan
OZO,賣權,202205,95.0,0,0,nan
OZO,賣權,202205,97.5,0,0,nan
OZO,買權,202206,100.0,0,0,nan
OZO,買權,202206,110.0,0,0,nan
OZO,買權,202206,120.0,0,0,nan
OZO,買權,202206,130.0,0,0,nan
OZO,買權,202206,140.0,0,0,nan
OZO,買權,202206,150.0,0,0,nan
OZO,買權,202206,75.0,0,0,nan
OZO,買權,202206,80.0,0,0,nan
OZO,買權,202206,85.0,0,0,nan
OZO,買權,202206,90.0,0,0,nan
OZO,買權,202206,95.0,0,0,nan
OZO,賣權,202206,100.0,0,0,nan
OZO,賣權,202206,110.0,0,0,nan
OZO,賣權,202206,120.0,0,0,nan
OZO,賣權,202206,130.0,0,0,nan
OZO,賣權,202206,140.0,0,0,nan
OZO,賣權,202206,150.0,0,0,nan
OZO,賣權,202206,75.0,0,0,nan
OZO,賣權,202206,80.0,0,0,nan
OZO,賣權,202206,85.0,0,0,nan
OZO,賣權,202206,90.0,0,0,nan
OZO,賣權,202206,95.0,0,0,nan
OZO,買權,202209,100.0,0,0,nan
OZO,買權,202209,110.0,0,0,nan
OZO,買權,202209,120.0,0,0,nan
OZO,買權,202209,130.0,0,0,nan
OZO,買權,202209,80.0,0,0,nan
OZO,買權,202209,85.0,0,0,nan
OZO,買權,202209,90.0,0,0,nan
OZO,買權,202209,95.0,0,0,nan
OZO,賣權,202209,100.0,0,0,nan
OZO,賣權,202209,110.0,0,0,nan
OZO,賣權,202209,120.0,0,0,nan
OZO,賣權,202209,130.0,0,0,nan
OZO,賣權,202209,80.0,0,0,nan
OZO,賣權,202209,85.0,0,0,nan
OZO,賣權,202209,90.0,0,0,nan
OZO,賣權,202209,95.0,0,0,nan
QBO,買權,202204,100.0,0,0,nan
QBO,買權,202204,105.0,0,0,nan
QBO,買權,202204,110.0,0,0,nan
QBO,買權,202204,57.5,0,0,nan
QBO,買權,202204,60.0,0,0,nan
QBO,買權,202204,62.5,0,0,nan
QBO,買權,202204,65.0,0,0,nan
QBO,買權,202204,67.5,0,0,nan
QBO,買權,202204,70.0,0,0,nan
QBO,買權,202204,72.5,0,0,nan
QBO,買權,202204,75.0,0,0,nan
QBO,買權,202204,77.5,0,0,nan
QBO,買權,202204,80.0,0,0,nan
QBO,買權,202204,82.5,0,0,nan
QBO,買權,202204,85.0,0,0,nan
QBO,買權,202204,87.5,0,0,nan
QBO,買權,202204,90.0,0,0,nan
QBO,買權,202204,92.5,0,0,nan
QBO,買權,202204,95.0,0,0,nan
QBO,買權,202204,97.5,0,0,nan
QBO,賣權,202204,100.0,0,0,nan
QBO,賣權,202204,105.0,0,0,nan
QBO,賣權,202204,110.0,0,0,nan
QBO,賣權,202204,57.5,0,0,nan
QBO,賣權,202204,60.0,0,0,nan
QBO,賣權,202204,62.5,0,0,nan
QBO,賣權,202204,65.0,0,0,nan
QBO,賣權,202204,67.5,0,0,nan
QBO,賣權,202204,70.0,0,0,nan
QBO,賣權,202204,72.5,0,0,nan
QBO,賣權,202204,75.0,0,0,nan
QBO,賣權,202204,77.5,0,0,nan
QBO,賣權,202204,80.0,0,0,nan
QBO,賣權,202204,82.5,0,0,nan
QBO,賣權,202204,85.0,0,0,nan
QBO,賣權,202204,87.5,0,0,nan
QBO,賣權,202204,90.0,0,0,nan
QBO,賣權,202204,92.5,0,0,nan
QBO,賣權,202204,95.0,0,0,nan
QBO,賣權,202204,97.5,0,0,nan
QBO,買權,202205,57.5,0,0,nan
QBO,買權,202205,60.0,0,0,nan
QBO,買權,202205,62.5,0,0,nan
QBO,買權,202205,65.0,0,0,nan
QBO,買權,202205,67.5,0,0,nan
QBO,買權,202205,70.0,0,0,nan
QBO,買權,202205,72.5,0,0,nan
QBO,買權,202205,75.0,0,0,nan
QBO,買權,202205,77.5,0,0,nan
QBO,買權,202205,80.0,0,0,nan
QBO,賣權,202205,57.5,0,0,nan
QBO,賣權,202205,60.0,0,0,nan
QBO,賣權,202205,62.5,0,0,nan
QBO,賣權,202205,65.0,0,0,nan
QBO,賣權,202205,67.5,0,0,nan
QBO,賣權,202205,70.0,0,0,nan
QBO,賣權,202205,72.5,0,0,nan
QBO,賣權,202205,75.0,0,0,nan
QBO,賣權,202205,77.5,0,0,nan
QBO,賣權,202205,80.0,0,0,nan
QBO,買權,202206,100.0,0,0,nan
QBO,買權,202206,110.0,0,0,nan
QBO,買權,202206,120.0,0,0,nan
QBO,買權,202206,55.0,0,0,nan
QBO,買權,202206,60.0,0,0,nan
QBO,買權,202206,65.0,0,0,nan
QBO,買權,202206,70.0,0,0,nan
QBO,買權,202206,75.0,0,0,nan
QBO,買權,202206,80.0,0,0,nan
QBO,買權,202206,85.0,0,0,nan
QBO,買權,202206,90.0,0,0,nan
QBO,買權,202206,95.0,0,0,nan
QBO,賣權,202206,100.0,0,0,nan
QBO,賣權,202206,110.0,0,0,nan
QBO,賣權,202206,120.0,0,0,nan
QBO,賣權,202206,55.0,0,0,nan
QBO,賣權,202206,60.0,0,0,nan
QBO,賣權,202206,65.0,0,0,nan
QBO,賣權,202206,70.0,0,0,nan
QBO,賣權,202206,75.0,0,0,nan
QBO,賣權,202206,80.0,0,0,nan
QBO,賣權,202206,85.0,0,0,nan
QBO,賣權,202206,90.0,0,0,nan
QBO,賣權,202206,95.0,0,0,nan
QBO,買權,202209,60.0,0,0,nan
QBO,買權,202209,65.0,0,0,nan
QBO,買權,202209,70.0,0,0,nan
QBO,買權,202209,75.0,0,0,nan
QBO,買權,202209,80.0,0,0,nan
QBO,買權,202209,85.0,0,0,nan
QBO,買權,202209,90.0,0,0,nan
QBO,買權,202209,95.0,0,0,nan
QBO,賣權,202209,60.0,0,0,nan
QBO,賣權,202209,65.0,0,0,nan
QBO,賣權,202209,70.0,0,0,nan
QBO,賣權,202209,75.0,0,0,nan
QBO,賣權,202209,80.0,0,0,nan
QBO,賣權,202209,85.0,0,0,nan
QBO,賣權,202209,90.0,0,0,nan
QBO,賣權,202209,95.0,0,0,nan
RHO,買權,202204,6.2,0,0,nan
RHO,買權,202204,6.22,0,0,nan
RHO,買權,202204,6.24,0,0,nan
RHO,買權,202204,6.26,0,0,nan
RHO,買權,202204,6.28,0,0,nan
RHO,買權,202204,6.3,0,0,nan
RHO,買權,202204,6.32,0,0,nan
RHO,買權,202204,6.34,0,0,nan
RHO,買權,202204,6.36,0,0,nan
RHO,買權,202204,6.38,0,0,nan
RHO,買權,202204,6.4,0,0,nan
RHO,買權,202204,6.42,0,0,nan
RHO,買權,202204,6.44,0,0,nan
RHO,買權,202204,6.46,0,0,nan
RHO,買權,202204,6.48,0,0,nan
RHO,買權,202204,6.5,0,0,nan
RHO,買權,202204,6.52,0,0,nan
RHO,買權,202204,6.54,0,0,nan
RHO,賣權,202204,6.2,0,0,nan
RHO,賣權,202204,6.22,0,0,nan
RHO,賣權,202204,6.24,0,0,nan
RHO,賣權,202204,6.26,0,0,nan
RHO,賣權,202204,6.28,0,0,nan
RHO,賣權,202204,6.3,0,0,nan
RHO,賣權,202204,6.32,0,0,nan
RHO,賣權,202204,6.34,0,0,nan
RHO,賣權,202204,6.36,0,0,nan
RHO,賣權,202204,6.38,0,0,nan
RHO,賣權,202204,6.4,0,0,nan
RHO,賣權,202204,6.42,0,0,nan
RHO,賣權,202204,6.44,0,0,nan
RHO,賣權,202204,6.46,0,0,nan
RHO,賣權,202204,6.48,0,0,nan
RHO,賣權,202204,6.5,0,0,nan
RHO,賣權,202204,6.52,0,0,nan
RHO,賣權,202204,6.54,0,0,nan
RHO,買權,202205,6.26,0,0,nan
RHO,買權,202205,6.28,0,0,nan
RHO,買權,202205,6.3,0,0,nan
RHO,買權,202205,6.32,0,0,nan
RHO,買權,202205,6.34,0,0,nan
RHO,買權,202205,6.36,0,0,nan
RHO,買權,202205,6.38,0,0,nan
RHO,買權,202205,6.4,0,0,nan
RHO,買權,202205,6.42,0,0,nan
RHO,買權,202205,6.44,0,0,nan
RHO,買權,202205,6.46,0,0,nan
RHO,買權,202205,6.48,0,0,nan
RHO,買權,202205,6.5,0,0,nan
RHO,買權,202205,6.52,0,0,nan
RHO,賣權,202205,6.26,0,0,nan
RHO,賣權,202205,6.28,0,0,nan
RHO,賣權,202205,6.3,0,0,nan
RHO,賣權,202205,6.32,0,0,nan
RHO,賣權,202205,6.34,0,0,nan
RHO,賣權,202205,6.36,0,0,nan
RHO,賣權,202205,6.38,0,0,nan
RHO,賣權,202205,6.4,0,0,nan
RHO,賣權,202205,6.42,0,0,nan
RHO,賣權,202205,6.44,0,0,nan
RHO,賣權,202205,6.46,0,0,nan
RHO,賣權,202205,6.48,0,0,nan
RHO,賣權,202205,6.5,0,0,nan
RHO,賣權,202205,6.52,0,0,nan
RHO,買權,202206,6.08,0,0,nan
RHO,買權,202206,6.12,0,0,nan
RHO,買權,202206,6.16,0,0,nan
RHO,買權,202206,6.2,0,0,nan
RHO,買權,202206,6.24,0,0,nan
RHO,買權,202206,6.28,0,0,nan
RHO,買權,202206,6.32,0,0,nan
RHO,買權,202206,6.36,0,0,nan
RHO,買權,202206,6.4,0,0,nan
RHO,買權,202206,6.44,0,0,nan
RHO,買權,202206,6.48,0,0,nan
RHO,買權,202206,6.52,0,0,nan
RHO,買權,202206,6.56,0,0,nan
RHO,買權,202206,6.6,0,0,nan
RHO,買權,202206,6.64,0,0,nan
RHO,買權,202206,6.68,0,0,nan
RHO,買權,202206,6.72,0,0,nan
RHO,買權,202206,6.76,0,0,nan
RHO,買權,202206,6.8,0,0,nan
RHO,買權,202206,6.84,0,0,nan
RHO,買權,202206,6.88,0,0,nan
RHO,買權,202206,6.92,0,0,nan
RHO,買權,202206,6.96,0,0,nan
RHO,賣權,202206,6.08,0,0,nan
RHO,賣權,202206,6.12,0,0,nan
RHO,賣權,202206,6.16,0,0,nan
RHO,賣權,202206,6.2,0,0,nan
RHO,賣權,202206,6.24,0,0,nan
RHO,賣權,202206,6.28,0,0,nan
RHO,賣權,202206,6.32,0,0,nan
RHO,賣權,202206,6.36,0,0,nan
RHO,賣權,202206,6.4,0,0,nan
RHO,賣權,202206,6.44,0,0,nan
RHO,賣權,202206,6.48,0,0,nan
RHO,賣權,202206,6.52,0,0,nan
RHO,賣權,202206,6.56,0,0,nan
RHO,賣權,202206,6.6,0,0,nan
RHO,賣權,202206,6.64,0,0,nan
RHO,賣權,202206,6.68,0,0,nan
RHO,賣權,202206,6.72,0,0,nan
RHO,賣權,202206,6.76,0,0,nan
RHO,賣權,202206,6.8,0,0,nan
RHO,賣權,202206,6.84,0,0,nan
RHO,賣權,202206,6.88,0,0,nan
RHO,賣權,202206,6.92,0,0,nan
RHO,賣權,202206,6.96,0,0,nan
RHO,買權,202209,6.12,0,0,nan
RHO,買權,202209,6.16,0,0,nan
RHO,買權,202209,6.2,0,0,nan
RHO,買權,202209,6.24,0,0,nan
RHO,買權,202209,6.28,0,0,nan
RHO,買權,202209,6.32,0,0,nan
RHO,買權,202209,6.36,0,0,nan
RHO,買權,202209,6.4,0,0,nan
RHO,買權,202209,6.44,0,0,nan
RHO,買權,202209,6.48,0,0,nan
RHO,買權,202209,6.52,0,0,nan
RHO,買權,202209,6.56,0,0,nan
RHO,買權,202209,6.6,0,0,nan
RHO,買權,202209,6.64,0,0,nan
RHO,買權,202209,6.68,0,0,nan
RHO,買權,202209,6.72,0,0,nan
RHO,買權,202209,6.76,0,0,nan
RHO,買權,202209,6.8,0,0,nan
RHO,買權,202209,6.84,0,0,nan
RHO,買權,202209,6.88,0,0,nan
RHO,買權,202209,6.92,0,0,nan
RHO,買權,202209,6.96,0,0,nan
RHO,買權,202209,7.0,0,0,nan
RHO,賣權,202209,6.12,0,0,nan
RHO,賣權,202209,6.16,0,0,nan
RHO,賣權,202209,6.2,0,0,nan
RHO,賣權,202209,6.24,0,0,nan
RHO,賣權,202209,6.28,0,0,nan
RHO,賣權,202209,6.32,0,0,nan
RHO,賣權,202209,6.36,0,0,nan
RHO,賣權,202209,6.4,0,0,nan
RHO,賣權,202209,6.44,0,0,nan
RHO,賣權,202209,6.48,0,0,nan
RHO,賣權,202209,6.52,0,0,nan
RHO,賣權,202209,6.56,0,0,nan
RHO,賣權,202209,6.6,0,0,nan
RHO,賣權,202209,6.64,0,0,nan
RHO,賣權,202209,6.68,0,0,nan
RHO,賣權,202209,6.72,0,0,nan
RHO,賣權,202209,6.76,0,0,nan
RHO,賣權,202209,6.8,0,0,nan
RHO,賣權,202209,6.84,0,0,nan
RHO,賣權,202209,6.88,0,0,nan
RHO,賣權,202209,6.92,0,0,nan
RHO,賣權,202209,6.96,0,0,nan
RHO,賣權,202209,7.0,0,0,nan
RHO,買權,202212,6.12,0,0,nan
RHO,買權,202212,6.16,0,0,nan
RHO,買權,202212,6.2,0,0,nan
RHO,買權,202212,6.24,0,0,nan
RHO,買權,202212,6.28,0,0,nan
RHO,買權,202212,6.32,0,0,nan
RHO,買權,202212,6.36,0,0,nan
RHO,買權,202212,6.4,0,0,nan
RHO,買權,202212,6.44,0,0,nan
RHO,買權,202212,6.48,0,0,nan
RHO,買權,202212,6.52,0,0,nan
RHO,買權,202212,6.56,0,0,nan
RHO,買權,202212,6.6,0,0,nan
RHO,買權,202212,6.64,0,0,nan
RHO,買權,202212,6.68,0,0,nan
RHO,買權,202212,6.72,0,0,nan
RHO,買權,202212,6.76,0,0,nan
RHO,買權,202212,6.8,0,0,nan
RHO,買權,202212,6.84,0,0,nan
RHO,買權,202212,6.88,0,0,nan
RHO,賣權,202212,6.12,0,0,nan
RHO,賣權,202212,6.16,0,0,nan
RHO,賣權,202212,6.2,0,0,nan
RHO,賣權,202212,6.24,0,0,nan
RHO,賣權,202212,6.28,0,0,nan
RHO,賣權,202212,6.32,0,0,nan
RHO,賣權,202212,6.36,0,0,nan
RHO,賣權,202212,6.4,0,0,nan
RHO,賣權,202212,6.44,0,0,nan
RHO,賣權,202212,6.48,0,0,nan
RHO,賣權,202212,6.52,0,0,nan
RHO,賣權,202212,6.56,0,0,nan
RHO,賣權,202212,6.6,0,0,nan
RHO,賣權,202212,6.64,0,0,nan
RHO,賣權,202212,6.68,0,0,nan
RHO,賣權,202212,6.72,0,0,nan
RHO,賣權,202212,6.76,0,0,nan
RHO,賣權,202212,6.8,0,0,nan
RHO,賣權,202212,6.84,0,0,nan
RHO,賣權,202212,6.88,0,0,nan
RHO,買權,202303,6.16,0,0,nan
RHO,買權,202303,6.2,0,0,nan
RHO,買權,202303,6.24,0,0,nan
RHO,買權,202303,6.28,0,0,nan
RHO,買權,202303,6.32,0,0,nan
RHO,買權,202303,6.36,0,0,nan
RHO,買權,202303,6.4,0,0,nan
RHO,買權,202303,6.44,0,0,nan
RHO,買權,202303,6.48,0,0,nan
RHO,買權,202303,6.52,0,0,nan
RHO,買權,202303,6.56,0,0,nan
RHO,買權,202303,6.6,0,0,nan
RHO,買權,202303,6.64,0,0,nan
RHO,買權,202303,6.68,0,0,nan
RHO,買權,202303,6.72,0,0,nan
RHO,買權,202303,6.76,0,0,nan
RHO,賣權,202303,6.16,0,0,nan
RHO,賣權,202303,6.2,0,0,nan
RHO,賣權,202303,6.24,0,0,nan
RHO,賣權,202303,6.28,0,0,nan
RHO,賣權,202303,6.32,0,0,nan
RHO,賣權,202303,6.36,0,0,nan
RHO,賣權,202303,6.4,0,0,nan
RHO,賣權,202303,6.44,0,0,nan
RHO,賣權,202303,6.48,0,0,nan
RHO,賣權,202303,6.52,0,0,nan
RHO,賣權,202303,6.56,0,0,nan
RHO,賣權,202303,6.6,0,0,nan
RHO,賣權,202303,6.64,0,0,nan
RHO,賣權,202303,6.68,0,0,nan
RHO,賣權,202303,6.72,0,0,nan
RHO,賣權,202303,6.76,0,0,nan
RTO,買權,202204,6.2,0,0,nan
RTO,買權,202204,6.22,0,0,nan
RTO,買權,202204,6.24,0,0,nan
RTO,買權,202204,6.26,0,0,nan
RTO,買權,202204,6.28,0,0,nan
RTO,買權,202204,6.3,0,0,nan
RTO,買權,202204,6.32,0,0,nan
RTO,買權,202204,6.34,0,0,nan
RTO,買權,202204,6.36,0,0,nan
RTO,買權,202204,6.38,0,0,nan
RTO,買權,202204,6.4,0,0,nan
RTO,買權,202204,6.42,0,0,nan
RTO,買權,202204,6.44,0,0,nan
RTO,買權,202204,6.46,0,0,nan
RTO,買權,202204,6.48,0,0,nan
RTO,買權,202204,6.5,0,0,nan
RTO,買權,202204,6.52,0,0,nan
RTO,買權,202204,6.54,0,0,nan
RTO,賣權,202204,6.2,0,0,nan
RTO,賣權,202204,6.22,0,0,nan
RTO,賣權,202204,6.24,0,0,nan
RTO,賣權,202204,6.26,0,0,nan
RTO,賣權,202204,6.28,0,0,nan
RTO,賣權,202204,6.3,0,0,nan
RTO,賣權,202204,6.32,0,0,nan
RTO,賣權,202204,6.34,0,0,nan
RTO,賣權,202204,6.36,0,0,nan
RTO,賣權,202204,6.38,0,0,nan
RTO,賣權,202204,6.4,0,0,nan
RTO,賣權,202204,6.42,0,0,nan
RTO,賣權,202204,6.44,0,0,nan
RTO,賣權,202204,6.46,0,0,nan
RTO,賣權,202204,6.48,0,0,nan
RTO,賣權,202204,6.5,0,0,nan
RTO,賣權,202204,6.52,0,0,nan
RTO,賣權,202204,6.54,0,0,nan
RTO,買權,202205,6.26,0,0,nan
RTO,買權,202205,6.28,0,0,nan
RTO,買權,202205,6.3,0,0,nan
RTO,買權,202205,6.32,0,0,nan
RTO,買權,202205,6.34,0,0,nan
RTO,買權,202205,6.36,0,0,nan
RTO,買權,202205,6.38,0,0,nan
RTO,買權,202205,6.4,0,0,nan
RTO,買權,202205,6.42,0,0,nan
RTO,買權,202205,6.44,0,0,nan
RTO,買權,202205,6.46,0,0,nan
RTO,買權,202205,6.48,0,0,nan
RTO,買權,202205,6.5,0,0,nan
RTO,買權,202205,6.52,0,0,nan
RTO,賣權,202205,6.26,0,0,nan
RTO,賣權,202205,6.28,0,0,nan
RTO,賣權,202205,6.3,0,0,nan
RTO,賣權,202205,6.32,0,0,nan
RTO,賣權,202205,6.34,0,0,nan
RTO,賣權,202205,6.36,0,0,nan
RTO,賣權,202205,6.38,0,0,nan
RTO,賣權,202205,6.4,0,0,nan
RTO,賣權,202205,6.42,0,0,nan
RTO,賣權,202205,6.44,0,0,nan
RTO,賣權,202205,6.46,0,0,nan
RTO,賣權,202205,6.48,0,0,nan
RTO,賣權,202205,6.5,0,0,nan
RTO,賣權,202205,6.52,0,0,nan
RTO,買權,202206,6.08,0,0,nan
RTO,買權,202206,6.12,0,0,nan
RTO,買權,202206,6.16,0,0,nan
RTO,買權,202206,6.2,0,0,nan
RTO,買權,202206,6.24,0,0,nan
RTO,買權,202206,6.28,0,0,nan
RTO,買權,202206,6.32,0,0,nan
RTO,買權,202206,6.36,0,0,nan
RTO,買權,202206,6.4,0,0,nan
RTO,買權,202206,6.44,0,0,nan
RTO,買權,202206,6.48,0,0,nan
RTO,買權,202206,6.52,0,0,nan
RTO,買權,202206,6.56,0,0,nan
RTO,買權,202206,6.6,0,0,nan
RTO,買權,202206,6.64,0,0,nan
RTO,買權,202206,6.68,0,0,nan
RTO,買權,202206,6.72,0,0,nan
RTO,買權,202206,6.76,0,0,nan
RTO,買權,202206,6.8,0,0,nan
RTO,買權,202206,6.84,0,0,nan
RTO,買權,202206,6.88,0,0,nan
RTO,買權,202206,6.92,0,0,nan
RTO,買權,202206,6.96,0,0,nan
RTO,賣權,202206,6.08,0,0,nan
RTO,賣權,202206,6.12,0,0,nan
RTO,賣權,202206,6.16,0,0,nan
RTO,賣權,202206,6.2,0,0,nan
RTO,賣權,202206,6.24,0,0,nan
RTO,賣權,202206,6.28,0,0,nan
RTO,賣權,202206,6.32,0,0,nan
RTO,賣權,202206,6.36,0,0,nan
RTO,賣權,202206,6.4,0,0,nan
RTO,賣權,202206,6.44,0,0,nan
RTO,賣權,202206,6.48,0,0,nan
RTO,賣權,202206,6.52,0,0,nan
RTO,賣權,202206,6.56,0,0,nan
RTO,賣權,202206,6.6,0,0,nan
RTO,賣權,202206,6.64,0,0,nan
RTO,賣權,202206,6.68,0,0,nan
RTO,賣權,202206,6.72,0,0,nan
RTO,賣權,202206,6.76,0,0,nan
RTO,賣權,202206,6.8,0,0,nan
RTO,賣權,202206,6.84,0,0,nan
RTO,賣權,202206,6.88,0,0,nan
RTO,賣權,202206,6.92,0,0,nan
RTO,賣權,202206,6.96,0,0,nan
RTO,買權,202209,6.12,0,0,nan
RTO,買權,202209,6.16,0,0,nan
RTO,買權,202209,6.2,0,0,nan
RTO,買權,202209,6.24,0,0,nan
RTO,買權,202209,6.28,0,0,nan
RTO,買權,202209,6.32,0,0,nan
RTO,買權,202209,6.36,0,0,nan
RTO,買權,202209,6.4,0,0,nan
RTO,買權,202209,6.44,0,0,nan
RTO,買權,202209,6.48,0,0,nan
RTO,買權,202209,6.52,0,0,nan
RTO,買權,202209,6.56,0,0,nan
RTO,買權,202209,6.6,0,0,nan
RTO,買權,202209,6.64,0,0,nan
RTO,買權,202209,6.68,0,0,nan
RTO,買權,202209,6.72,0,0,nan
RTO,買權,202209,6.76,0,0,nan
RTO,買權,202209,6.8,0,0,nan
RTO,買權,202209,6.84,0,0,nan
RTO,買權,202209,6.88,0,0,nan
RTO,買權,202209,6.92,0,0,nan
RTO,買權,202209,6.96,0,0,nan
RTO,買權,202209,7.0,0,0,nan
RTO,賣權,202209,6.12,0,0,nan
RTO,賣權,202209,6.16,0,0,nan
RTO,賣權,202209,6.2,0,0,nan
RTO,賣權,202209,6.24,0,0,nan
RTO,賣權,202209,6.28,0,0,nan
RTO,賣權,202209,6.32,0,0,nan
RTO,賣權,202209,6.36,0,0,nan
RTO,賣權,202209,6.4,0,0,nan
RTO,賣權,202209,6.44,0,0,nan
RTO,賣權,202209,6.48,0,0,nan
RTO,賣權,202209,6.52,0,0,nan
RTO,賣權,202209,6.56,0,0,nan
RTO,賣權,202209,6.6,0,0,nan
RTO,賣權,202209,6.64,0,0,nan
RTO,賣權,202209,6.68,0,0,nan
RTO,賣權,202209,6.72,0,0,nan
RTO,賣權,202209,6.76,0,0,nan
RTO,賣權,202209,6.8,0,0,nan
RTO,賣權,202209,6.84,0,0,nan
RTO,賣權,202209,6.88,0,0,nan
RTO,賣權,202209,6.92,0,0,nan
RTO,賣權,202209,6.96,0,0,nan
RTO,賣權,202209,7.0,0,0,nan
RTO,買權,202212,6.12,0,0,nan
RTO,買權,202212,6.16,0,0,nan
RTO,買權,202212,6.2,0,0,nan
RTO,買權,202212,6.24,0,0,nan
RTO,買權,202212,6.28,0,0,nan
RTO,買權,202212,6.32,0,0,nan
RTO,買權,202212,6.36,0,0,nan
RTO,買權,202212,6.4,0,0,nan
RTO,買權,202212,6.44,0,0,nan
RTO,買權,202212,6.48,0,0,nan
RTO,買權,202212,6.52,0,0,nan
RTO,買權,202212,6.56,0,0,nan
RTO,買權,202212,6.6,0,0,nan
RTO,買權,202212,6.64,0,0,nan
RTO,買權,202212,6.68,0,0,nan
RTO,買權,202212,6.72,0,0,nan
RTO,買權,202212,6.76,0,0,nan
RTO,買權,202212,6.8,0,0,nan
RTO,買權,202212,6.84,0,0,nan
RTO,買權,202212,6.88,0,0,nan
RTO,賣權,202212,6.12,0,0,nan
RTO,賣權,202212,6.16,0,0,nan
RTO,賣權,202212,6.2,0,0,nan
RTO,賣權,202212,6.24,0,0,nan
RTO,賣權,202212,6.28,0,0,nan
RTO,賣權,202212,6.32,0,0,nan
RTO,賣權,202212,6.36,0,0,nan
RTO,賣權,202212,6.4,0,0,nan
RTO,賣權,202212,6.44,0,0,nan
RTO,賣權,202212,6.48,0,0,nan
RTO,賣權,202212,6.52,0,0,nan
RTO,賣權,202212,6.56,0,0,nan
RTO,賣權,202212,6.6,0,0,nan
RTO,賣權,202212,6.64,0,0,nan
RTO,賣權,202212,6.68,0,0,nan
RTO,賣權,202212,6.72,0,0,nan
RTO,賣權,202212,6.76,0,0,nan
RTO,賣權,202212,6.8,0,0,nan
RTO,賣權,202212,6.84,0,0,nan
RTO,賣權,202212,6.88,0,0,nan
RTO,買權,202303,6.16,0,0,nan
RTO,買權,202303,6.2,0,0,nan
RTO,買權,202303,6.24,0,0,nan
RTO,買權,202303,6.28,0,0,nan
RTO,買權,202303,6.32,0,0,nan
RTO,買權,202303,6.36,0,0,nan
RTO,買權,202303,6.4,0,0,nan
RTO,買權,202303,6.44,0,0,nan
RTO,買權,202303,6.48,0,0,nan
RTO,買權,202303,6.52,0,0,nan
RTO,買權,202303,6.56,0,0,nan
RTO,買權,202303,6.6,0,0,nan
RTO,買權,202303,6.64,0,0,nan
RTO,買權,202303,6.68,0,0,nan
RTO,買權,202303,6.72,0,0,nan
RTO,買權,202303,6.76,0,0,nan
RTO,賣權,202303,6.16,0,0,nan
RTO,賣權,202303,6.2,0,0,nan
RTO,賣權,202303,6.24,0,0,nan
RTO,賣權,202303,6.28,0,0,nan
RTO,賣權,202303,6.32,0,0,nan
RTO,賣權,202303,6.36,0,0,nan
RTO,賣權,202303,6.4,0,0,nan
RTO,賣權,202303,6.44,0,0,nan
RTO,賣權,202303,6.48,0,0,nan
RTO,賣權,202303,6.52,0,0,nan
RTO,賣權,202303,6.56,0,0,nan
RTO,賣權,202303,6.6,0,0,nan
RTO,賣權,202303,6.64,0,0,nan
RTO,賣權,202303,6.68,0,0,nan
RTO,賣權,202303,6.72,0,0,nan
RTO,賣權,202303,6.76,0,0,nan
TEO,買權,202204,1000.0,0,0,nan
TEO,買權,202204,1010.0,0,0,nan
TEO,買權,202204,1020.0,0,0,nan
TEO,買權,202204,660.0,0,0,nan
TEO,買權,202204,665.0,0,0,nan
TEO,買權,202204,670.0,0,0,nan
TEO,買權,202204,675.0,0,0,nan
TEO,買權,202204,680.0,0,0,nan
TEO,買權,202204,685.0,0,0,nan
TEO,買權,202204,690.0,0,0,nan
TEO,買權,202204,695.0,0,0,nan
TEO,買權,202204,700.0,0,0,nan
TEO,買權,202204,705.0,0,0,nan
TEO,買權,202204,710.0,0,0,nan
TEO,買權,202204,715.0,0,0,nan
TEO,買權,202204,720.0,0,0,nan
TEO,買權,202204,725.0,0,0,nan
TEO,買權,202204,730.0,0,0,nan
TEO,買權,202204,735.0,0,0,nan
TEO,買權,202204,740.0,0,0,nan
TEO,買權,202204,745.0,0,0,nan
TEO,買權,202204,750.0,0,0,nan
TEO,買權,202204,755.0,0,0,nan
TEO,買權,202204,760.0,0,0,nan
TEO,買權,202204,765.0,0,0,nan
TEO,買權,202204,770.0,4,1,4.0
TEO,買權,202204,775.0,0,0,nan
TEO,買權,202204,780.0,120,32,3.75
TEO,買權,202204,785.0,0,0,nan
TEO,買權,202204,790.0,0,0,nan
TEO,買權,202204,795.0,0,0,nan
TEO,買權,202204,800.0,42,8,5.25
TEO,買權,202204,805.0,0,0,nan
TEO,買權,202204,810.0,0,0,nan
TEO,買權,202204,815.0,34,70,0.49
TEO,買權,202204,820.0,202,90,2.24
TEO,買權,202204,825.0,80,130,0.62
TEO,買權,202204,830.0,360,61,5.9
TEO,買權,202204,835.0,30,32,0.94
TEO,買權,202204,840.0,320,114,2.81
TEO,買權,202204,845.0,44,54,0.81
TEO,買權,202204,850.0,256,42,6.1
TEO,買權,202204,855.0,0,0,nan
TEO,買權,202204,860.0,110,13,8.46
TEO,買權,202204,865.0,0,0,nan
TEO,買權,202204,870.0,78,2,39.0
TEO,買權,202204,875.0,0,0,nan
TEO,買權,202204,880.0,160,0,9999.99
TEO,買權,202204,885.0,0,0,nan
TEO,買權,202204,890.0,202,0,9999.99
TEO,買權,202204,895.0,0,0,nan
TEO,買權,202204,900.0,94,0,9999.99
TEO,買權,202204,905.0,0,0,nan
TEO,買權,202204,910.0,6,0,9999.99
TEO,買權,202204,920.0,52,0,9999.99
TEO,買權,202204,930.0,40,0,9999.99
TEO,買權,202204,940.0,0,0,nan
TEO,買權,202204,950.0,0,0,nan
TEO,買權,202204,960.0,0,0,nan
TEO,買權,202204,970.0,0,0,nan
TEO,買權,202204,980.0,0,0,nan
TEO,買權,202204,990.0,0,0,nan
TEO,賣權,202204,1000.0,0,0,nan
TEO,賣權,202204,1010.0,0,0,nan
TEO,賣權,202204,1020.0,0,0,nan
TEO,賣權,202204,660.0,0,0,nan
TEO,賣權,202204,665.0,0,0,nan
TEO,賣權,202204,670.0,2,0,9999.99
TEO,賣權,202204,675.0,0,0,nan
TEO,賣權,202204,680.0,0,0,nan
TEO,賣權,202204,685.0,0,0,nan
TEO,賣權,202204,690.0,2,0,9999.99
TEO,賣權,202204,695.0,0,0,nan
TEO,賣權,202204,700.0,0,0,nan
TEO,賣權,202204,705.0,0,0,nan
TEO,賣權,202204,710.0,0,0,nan
TEO,賣權,202204,715.0,0,0,nan
TEO,賣權,202204,720.0,0,0,nan
TEO,賣權,202204,725.0,0,0,nan
TEO,賣權,202204,730.0,172,27,6.37
TEO,賣權,202204,735.0,0,0,nan
TEO,賣權,202204,740.0,46,24,1.92
TEO,賣權,202204,745.0,0,0,nan
TEO,賣權,202204,750.0,4,9,0.44
TEO,賣權,202204,755.0,0,0,nan
TEO,賣權,202204,760.0,4,1,4.0
TEO,賣權,202204,765.0,0,0,nan
TEO,賣權,202204,770.0,96,0,9999.99
TEO,賣權,202204,775.0,22,22,1.0
TEO,賣權,202204,780.0,160,46,3.48
TEO,賣權,202204,785.0,14,14,1.0
TEO,賣權,202204,790.0,14,8,1.75
TEO,賣權,202204,795.0,40,40,1.0
TEO,賣權,202204,800.0,4,1,4.0
TEO,賣權,202204,805.0,0,0,nan
TEO,賣權,202204,810.0,54,0,9999.99
TEO,賣權,202204,815.0,0,0,nan
TEO,賣權,202204,820.0,0,0,nan
TEO,賣權,202204,825.0,0,0,nan
TEO,賣權,202204,830.0,0,0,nan
TEO,賣權,202204,835.0,0,0,nan
TEO,賣權,202204,840.0,0,0,nan
TEO,賣權,202204,845.0,0,0,nan
TEO,賣權,202204,850.0,40,0,9999.99
TEO,賣權,202204,855.0,0,0,nan
TEO,賣權,202204,860.0,0,0,nan
TEO,賣權,202204,865.0,0,0,nan
TEO,賣權,202204,870.0,0,0,nan
TEO,賣權,202204,875.0,0,0,nan
TEO,賣權,202204,880.0,0,0,nan
TEO,賣權,202204,885.0,0,0,nan
TEO,賣權,202204,890.0,0,0,nan
TEO,賣權,202204,895.0,0,0,nan
TEO,賣權,202204,900.0,0,0,nan
TEO,賣權,202204,905.0,0,0,nan
TEO,賣權,202204,910.0,0,0,nan
TEO,賣權,202204,920.0,0,0,nan
TEO,賣權,202204,930.0,0,0,nan
TEO,賣權,202204,940.0,0,0,nan
TEO,賣權,202204,950.0,0,0,nan
TEO,賣權,202204,960.0,0,0,nan
TEO,賣權,202204,970.0,0,0,nan
TEO,賣權,202204,980.0,0,0,nan
TEO,賣權,202204,990.0,0,0,nan
TEO,買權,202205,1000.0,0,0,nan
TEO,買權,202205,1010.0,0,0,nan
TEO,買權,202205,660.0,0,0,nan
TEO,買權,202205,670.0,0,0,nan
TEO,買權,202205,680.0,0,0,nan
TEO,買權,202205,690.0,0,0,nan
TEO,買權,202205,700.0,0,0,nan
TEO,買權,202205,710.0,0,0,nan
TEO,買權,202205,720.0,0,0,nan
TEO,買權,202205,730.0,0,0,nan
TEO,買權,202205,740.0,0,0,nan
TEO,買權,202205,750.0,0,0,nan
TEO,買權,202205,760.0,0,0,nan
TEO,買權,202205,770.0,0,0,nan
TEO,買權,202205,780.0,0,0,nan
TEO,買權,202205,790.0,0,0,nan
TEO,買權,202205,800.0,0,0,nan
TEO,買權,202205,810.0,0,0,nan
TEO,買權,202205,820.0,0,0,nan
TEO,買權,202205,830.0,160,32,5.0
TEO,買權,202205,840.0,120,32,3.75
TEO,買權,202205,850.0,80,24,3.33
TEO,買權,202205,860.0,40,8,5.0
TEO,買權,202205,870.0,0,0,nan
TEO,買權,202205,880.0,0,0,nan
TEO,買權,202205,890.0,0,0,nan
TEO,買權,202205,900.0,0,0,nan
TEO,買權,202205,910.0,0,0,nan
TEO,買權,202205,920.0,0,0,nan
TEO,買權,202205,930.0,0,0,nan
TEO,買權,202205,940.0,0,0,nan
TEO,買權,202205,950.0,0,0,nan
TEO,買權,202205,960.0,0,0,nan
TEO,買權,202205,970.0,0,0,nan
TEO,買權,202205,980.0,0,0,nan
TEO,買權,202205,990.0,0,0,nan
TEO,賣權,202205,1000.0,0,0,nan
TEO,賣權,202205,1010.0,0,0,nan
TEO,賣權,202205,660.0,0,0,nan
TEO,賣權,202205,670.0,0,0,nan
TEO,賣權,202205,680.0,0,0,nan
TEO,賣權,202205,690.0,0,0,nan
TEO,賣權,202205,700.0,0,0,nan
TEO,賣權,202205,710.0,0,0,nan
TEO,賣權,202205,720.0,0,0,nan
TEO,賣權,202205,730.0,0,0,nan
TEO,賣權,202205,740.0,0,0,nan
TEO,賣權,202205,750.0,0,0,nan
TEO,賣權,202205,760.0,6,1,6.0
TEO,賣權,202205,770.0,8,2,4.0
TEO,賣權,202205,780.0,0,0,nan
TEO,賣權,202205,790.0,0,0,nan
TEO,賣權,202205,800.0,0,0,nan
TEO,賣權,202205,810.0,0,0,nan
TEO,賣權,202205,820.0,0,0,nan
TEO,賣權,202205,830.0,0,0,nan
TEO,賣權,202205,840.0,0,0,nan
TEO,賣權,202205,850.0,0,0,nan
TEO,賣權,202205,860.0,0,0,nan
TEO,賣權,202205,870.0,0,0,nan
TEO,賣權,202205,880.0,0,0,nan
TEO,賣權,202205,890.0,0,0,nan
TEO,賣權,202205,900.0,0,0,nan
TEO,賣權,202205,910.0,0,0,nan
TEO,賣權,202205,920.0,0,0,nan
TEO,賣權,202205,930.0,0,0,nan
TEO,賣權,202205,940.0,0,0,nan
TEO,賣權,202205,950.0,0,0,nan
TEO,賣權,202205,960.0,0,0,nan
TEO,賣權,202205,970.0,0,0,nan
TEO,賣權,202205,980.0,0,0,nan
TEO,賣權,202205,990.0,0,0,nan
TEO,買權,202206,1000.0,0,0,nan
TEO,買權,202206,1020.0,0,0,nan
TEO,買權,202206,1040.0,0,0,nan
TEO,買權,202206,600.0,0,0,nan
TEO,買權,202206,620.0,0,0,nan
TEO,買權,202206,640.0,0,0,nan
TEO,買權,202206,660.0,0,0,nan
TEO,買權,202206,670.0,0,0,nan
TEO,買權,202206,680.0,0,0,nan
TEO,買權,202206,690.0,0,0,nan
TEO,買權,202206,700.0,0,0,nan
TEO,買權,202206,710.0,0,0,nan
TEO,買權,202206,720.0,0,0,nan
TEO,買權,202206,730.0,0,0,nan
TEO,買權,202206,740.0,0,0,nan
TEO,買權,202206,750.0,0,0,nan
TEO,買權,202206,760.0,0,0,nan
TEO,買權,202206,770.0,0,0,nan
TEO,買權,202206,780.0,0,0,nan
TEO,買權,202206,790.0,0,0,nan
TEO,買權,202206,800.0,0,0,nan
TEO,買權,202206,810.0,0,0,nan
TEO,買權,202206,820.0,0,0,nan
TEO,買權,202206,830.0,0,0,nan
TEO,買權,202206,840.0,0,0,nan
TEO,買權,202206,850.0,0,0,nan
TEO,買權,202206,860.0,0,0,nan
TEO,買權,202206,870.0,0,0,nan
TEO,買權,202206,880.0,0,0,nan
TEO,買權,202206,890.0,0,0,nan
TEO,買權,202206,900.0,0,0,nan
TEO,買權,202206,910.0,0,0,nan
TEO,買權,202206,920.0,0,0,nan
TEO,買權,202206,940.0,0,0,nan
TEO,買權,202206,960.0,0,0,nan
TEO,買權,202206,980.0,0,0,nan
TEO,賣權,202206,1000.0,0,0,nan
TEO,賣權,202206,1020.0,0,0,nan
TEO,賣權,202206,1040.0,0,0,nan
TEO,賣權,202206,600.0,0,0,nan
TEO,賣權,202206,620.0,0,0,nan
TEO,賣權,202206,640.0,0,0,nan
TEO,賣權,202206,660.0,0,0,nan
TEO,賣權,202206,670.0,0,0,nan
TEO,賣權,202206,680.0,0,0,nan
TEO,賣權,202206,690.0,0,0,nan
TEO,賣權,202206,700.0,0,0,nan
TEO,賣權,202206,710.0,0,0,nan
TEO,賣權,202206,720.0,0,0,nan
TEO,賣權,202206,730.0,0,0,nan
TEO,賣權,202206,740.0,0,0,nan
TEO,賣權,202206,750.0,0,0,nan
TEO,賣權,202206,760.0,0,0,nan
TEO,賣權,202206,770.0,0,0,nan
TEO,賣權,202206,780.0,0,0,nan
TEO,賣權,202206,790.0,0,0,nan
TEO,賣權,202206,800.0,0,0,nan
TEO,賣權,202206,810.0,0,0,nan
TEO,賣權,202206,820.0,0,0,nan
TEO,賣權,202206,830.0,0,0,nan
TEO,賣權,202206,840.0,0,0,nan
TEO,賣權,202206,850.0,0,0,nan
TEO,賣權,202206,860.0,0,0,nan
TEO,賣權,202206,870.0,0,0,nan
TEO,賣權,202206,880.0,0,0,nan
TEO,賣權,202206,890.0,0,0,nan
TEO,賣權,202206,900.0,0,0,nan
TEO,賣權,202206,910.0,0,0,nan
TEO,賣權,202206,920.0,0,0,nan
TEO,賣權,202206,940.0,0,0,nan
TEO,賣權,202206,960.0,0,0,nan
TEO,賣權,202206,980.0,0,0,nan
TFO,買權,202204,1420.0,0,0,nan
TFO,買權,202204,1440.0,0,0,nan
TFO,買權,202204,1460.0,0,0,nan
TFO,買權,202204,1480.0,0,0,nan
TFO,買權,202204,1490.0,0,0,nan
TFO,買權,202204,1500.0,0,0,nan
TFO,買權,202204,1510.0,0,0,nan
TFO,買權,202204,1520.0,0,0,nan
TFO,買權,202204,1530.0,0,0,nan
TFO,買權,202204,1540.0,0,0,nan
TFO,買權,202204,1550.0,0,0,nan
TFO,買權,202204,1560.0,0,0,nan
TFO,買權,202204,1570.0,0,0,nan
TFO,買權,202204,1580.0,0,0,nan
TFO,買權,202204,1590.0,0,0,nan
TFO,買權,202204,1600.0,0,0,nan
TFO,買權,202204,1610.0,0,0,nan
TFO,買權,202204,1620.0,0,0,nan
TFO,買權,202204,1630.0,0,0,nan
TFO,買權,202204,1640.0,0,0,nan
TFO,買權,202204,1650.0,0,0,nan
TFO,買權,202204,1660.0,0,0,nan
TFO,買權,202204,1670.0,0,0,nan
TFO,買權,202204,1680.0,0,0,nan
TFO,買權,202204,1690.0,0,0,nan
TFO,買權,202204,1700.0,0,0,nan
TFO,買權,202204,1710.0,0,0,nan
TFO,買權,202204,1720.0,32,0,9999.99
TFO,買權,202204,1730.0,0,0,nan
TFO,買權,202204,1740.0,46,20,2.3
TFO,買權,202204,1750.0,0,0,nan
TFO,買權,202204,1760.0,324,44,7.36
TFO,買權,202204,1770.0,0,0,nan
TFO,買權,202204,1780.0,390,138,2.83
TFO,買權,202204,1790.0,8,8,1.0
TFO,買權,202204,1800.0,84,38,2.21
TFO,買權,202204,1810.0,40,80,0.5
TFO,買權,202204,1820.0,124,65,1.91
TFO,買權,202204,1830.0,46,58,0.79
TFO,買權,202204,1840.0,144,36,4.0
TFO,買權,202204,1850.0,0,0,nan
TFO,買權,202204,1860.0,316,60,5.27
TFO,買權,202204,1870.0,0,0,nan
TFO,買權,202204,1880.0,28,0,9999.99
TFO,買權,202204,1890.0,0,0,nan
TFO,買權,202204,1900.0,100,0,9999.99
TFO,買權,202204,1910.0,0,0,nan
TFO,買權,202204,1920.0,0,0,nan
TFO,買權,202204,1930.0,0,0,nan
TFO,買權,202204,1940.0,0,0,nan
TFO,買權,202204,1950.0,0,0,nan
TFO,買權,202204,1960.0,0,0,nan
TFO,買權,202204,1970.0,0,0,nan
TFO,買權,202204,1980.0,0,0,nan
TFO,買權,202204,1990.0,0,0,nan
TFO,買權,202204,2000.0,0,0,nan
TFO,買權,202204,2020.0,0,0,nan
TFO,買權,202204,2040.0,0,0,nan
TFO,買權,202204,2080.0,0,0,nan
TFO,買權,202204,2120.0,0,0,nan
TFO,賣權,202204,1420.0,0,0,nan
TFO,賣權,202204,1440.0,0,0,nan
TFO,賣權,202204,1460.0,0,0,nan
TFO,賣權,202204,1480.0,0,0,nan
TFO,賣權,202204,1490.0,0,0,nan
TFO,賣權,202204,1500.0,0,0,nan
TFO,賣權,202204,1510.0,0,0,nan
TFO,賣權,202204,1520.0,2,0,9999.99
TFO,賣權,202204,1530.0,0,0,nan
TFO,賣權,202204,1540.0,0,0,nan
TFO,賣權,202204,1550.0,0,0,nan
TFO,賣權,202204,1560.0,126,4,31.5
TFO,賣權,202204,1570.0,0,0,nan
TFO,賣權,202204,1580.0,210,40,5.25
TFO,賣權,202204,1590.0,0,0,nan
TFO,賣權,202204,1600.0,38,8,4.75
TFO,賣權,202204,1610.0,0,0,nan
TFO,賣權,202204,1620.0,48,2,24.0
TFO,賣權,202204,1630.0,0,0,nan
TFO,賣權,202204,1640.0,58,20,2.9
TFO,賣權,202204,1650.0,0,0,nan
TFO,賣權,202204,1660.0,78,6,13.0
TFO,賣權,202204,1670.0,0,0,nan
TFO,賣權,202204,1680.0,144,16,9.0
TFO,賣權,202204,1690.0,0,0,nan
TFO,賣權,202204,1700.0,120,17,7.06
TFO,賣權,202204,1710.0,0,0,nan
TFO,賣權,202204,1720.0,196,21,9.33
TFO,賣權,202204,1730.0,68,128,0.53
TFO,賣權,202204,1740.0,54,23,2.35
TFO,賣權,202204,1750.0,4,4,1.0
TFO,賣權,202204,1760.0,4,1,4.0
TFO,賣權,202204,1770.0,40,44,0.91
TFO,賣權,202204,1780.0,40,12,3.33
TFO,賣權,202204,1790.0,0,0,nan
TFO,賣權,202204,1800.0,0,0,nan
TFO,賣權,202204,1810.0,0,0,nan
TFO,賣權,202204,1820.0,0,0,nan
TFO,賣權,202204,1830.0,4,6,0.67
TFO,賣權,202204,1840.0,0,0,nan
TFO,賣權,202204,1850.0,0,0,nan
TFO,賣權,202204,1860.0,0,0,nan
TFO,賣權,202204,1870.0,0,0,nan
TFO,賣權,202204,1880.0,0,0,nan
TFO,賣權,202204,1890.0,0,0,nan
TFO,賣權,202204,1900.0,0,0,nan
TFO,賣權,202204,1910.0,0,0,nan
TFO,賣權,202204,1920.0,0,0,nan
TFO,賣權,202204,1930.0,0,0,nan
TFO,賣權,202204,1940.0,0,0,nan
TFO,賣權,202204,1950.0,0,0,nan
TFO,賣權,202204,1960.0,0,0,nan
TFO,賣權,202204,1970.0,0,0,nan
TFO,賣權,202204,1980.0,0,0,nan
TFO,賣權,202204,1990.0,0,0,nan
TFO,賣權,202204,2000.0,0,0,nan
TFO,賣權,202204,2020.0,0,0,nan
TFO,賣權,202204,2040.0,0,0,nan
TFO,賣權,202204,2080.0,0,0,nan
TFO,賣權,202204,2120.0,0,0,nan
TFO,買權,202205,1420.0,0,0,nan
TFO,買權,202205,1440.0,0,0,nan
TFO,買權,202205,1460.0,0,0,nan
TFO,買權,202205,1480.0,0,0,nan
TFO,買權,202205,1500.0,0,0,nan
TFO,買權,202205,1520.0,0,0,nan
TFO,買權,202205,1540.0,0,0,nan
TFO,買權,202205,1560.0,0,0,nan
TFO,買權,202205,1580.0,0,0,nan
TFO,買權,202205,1600.0,0,0,nan
TFO,買權,202205,1620.0,0,0,nan
TFO,買權,202205,1640.0,0,0,nan
TFO,買權,202205,1660.0,0,0,nan
TFO,買權,202205,1680.0,0,0,nan
TFO,買權,202205,1700.0,0,0,nan
TFO,買權,202205,1720.0,0,0,nan
TFO,買權,202205,1740.0,108,22,4.91
TFO,買權,202205,1760.0,40,8,5.0
TFO,買權,202205,1780.0,40,8,5.0
TFO,買權,202205,1800.0,0,0,nan
TFO,買權,202205,1820.0,0,0,nan
TFO,買權,202205,1840.0,0,0,nan
TFO,買權,202205,1860.0,16,3,5.33
TFO,買權,202205,1880.0,4,1,4.0
TFO,買權,202205,1900.0,40,8,5.0
TFO,買權,202205,1920.0,0,0,nan
TFO,買權,202205,1940.0,0,0,nan
TFO,買權,202205,1960.0,0,0,nan
TFO,買權,202205,1980.0,0,0,nan
TFO,買權,202205,2000.0,0,0,nan
TFO,買權,202205,2040.0,0,0,nan
TFO,買權,202205,2080.0,0,0,nan
TFO,買權,202205,2120.0,0,0,nan
TFO,賣權,202205,1420.0,0,0,nan
TFO,賣權,202205,1440.0,0,0,nan
TFO,賣權,202205,1460.0,0,0,nan
TFO,賣權,202205,1480.0,0,0,nan
TFO,賣權,202205,1500.0,0,0,nan
TFO,賣權,202205,1520.0,0,0,nan
TFO,賣權,202205,1540.0,0,0,nan
TFO,賣權,202205,1560.0,0,0,nan
TFO,賣權,202205,1580.0,0,0,nan
TFO,賣權,202205,1600.0,0,0,nan
TFO,賣權,202205,1620.0,0,0,nan
TFO,賣權,202205,1640.0,0,0,nan
TFO,賣權,202205,1660.0,40,8,5.0
TFO,賣權,202205,1680.0,44,9,4.89
TFO,賣權,202205,1700.0,40,8,5.0
TFO,賣權,202205,1720.0,0,0,nan
TFO,賣權,202205,1740.0,0,0,nan
TFO,賣權,202205,1760.0,0,0,nan
TFO,賣權,202205,1780.0,0,0,nan
TFO,賣權,202205,1800.0,0,0,nan
TFO,賣權,202205,1820.0,0,0,nan
TFO,賣權,202205,1840.0,0,0,nan
TFO,賣權,202205,1860.0,0,0,nan
TFO,賣權,202205,1880.0,0,0,nan
TFO,賣權,202205,1900.0,0,0,nan
TFO,賣權,202205,1920.0,0,0,nan
TFO,賣權,202205,1940.0,0,0,nan
TFO,賣權,202205,1960.0,0,0,nan
TFO,賣權,202205,1980.0,0,0,nan
TFO,賣權,202205,2000.0,0,0,nan
TFO,賣權,202205,2040.0,0,0,nan
TFO,賣權,202205,2080.0,0,0,nan
TFO,賣權,202205,2120.0,0,0,nan
TFO,買權,202206,1240.0,0,0,nan
TFO,買權,202206,1280.0,0,0,nan
TFO,買權,202206,1320.0,0,0,nan
TFO,買權,202206,1360.0,0,0,nan
TFO,買權,202206,1400.0,0,0,nan
TFO,買權,202206,1440.0,0,0,nan
TFO,買權,202206,1480.0,0,0,nan
TFO,買權,202206,1500.0,0,0,nan
TFO,買權,202206,1520.0,0,0,nan
TFO,買權,202206,1540.0,0,0,nan
TFO,買權,202206,1560.0,0,0,nan
TFO,買權,202206,1580.0,0,0,nan
TFO,買權,202206,1600.0,0,0,nan
TFO,買權,202206,1620.0,0,0,nan
TFO,買權,202206,1640.0,0,0,nan
TFO,買權,202206,1660.0,0,0,nan
TFO,買權,202206,1680.0,0,0,nan
TFO,買權,202206,1700.0,0,0,nan
TFO,買權,202206,1720.0,0,0,nan
TFO,買權,202206,1740.0,0,0,nan
TFO,買權,202206,1760.0,0,0,nan
TFO,買權,202206,1780.0,0,0,nan
TFO,買權,202206,1800.0,0,0,nan
TFO,買權,202206,1820.0,0,0,nan
TFO,買權,202206,1840.0,0,0,nan
TFO,買權,202206,1860.0,0,0,nan
TFO,買權,202206,1880.0,0,0,nan
TFO,買權,202206,1900.0,0,0,nan
TFO,買權,202206,1920.0,0,0,nan
TFO,買權,202206,1940.0,0,0,nan
TFO,買權,202206,1960.0,0,0,nan
TFO,買權,202206,1980.0,0,0,nan
TFO,買權,202206,2000.0,0,0,nan
TFO,買權,202206,2040.0,0,0,nan
TFO,買權,202206,2080.0,0,0,nan
TFO,賣權,202206,1240.0,0,0,nan
TFO,賣權,202206,1280.0,0,0,nan
TFO,賣權,202206,1320.0,0,0,nan
TFO,賣權,202206,1360.0,0,0,nan
TFO,賣權,202206,1400.0,0,0,nan
TFO,賣權,202206,1440.0,0,0,nan
TFO,賣權,202206,1480.0,0,0,nan
TFO,賣權,202206,1500.0,0,0,nan
TFO,賣權,202206,1520.0,0,0,nan
TFO,賣權,202206,1540.0,0,0,nan
TFO,賣權,202206,1560.0,0,0,nan
TFO,賣權,202206,1580.0,0,0,nan
TFO,賣權,202206,1600.0,0,0,nan
TFO,賣權,202206,1620.0,0,0,nan
TFO,賣權,202206,1640.0,0,0,nan
TFO,賣權,202206,1660.0,0,0,nan
TFO,賣權,202206,1680.0,0,0,nan
TFO,賣權,202206,1700.0,0,0,nan
TFO,賣權,202206,1720.0,0,0,nan
TFO,賣權,202206,1740.0,0,0,nan
TFO,賣權,202206,1760.0,0,0,nan
TFO,賣權,202206,1780.0,0,0,nan
TFO,賣權,202206,1800.0,0,0,nan
TFO,賣權,202206,1820.0,0,0,nan
TFO,賣權,202206,1840.0,0,0,nan
TFO,賣權,202206,1860.0,0,0,nan
TFO,賣權,202206,1880.0,0,0,nan
TFO,賣權,202206,1900.0,0,0,nan
TFO,賣權,202206,1920.0,0,0,nan
TFO,賣權,202206,1940.0,0,0,nan
TFO,賣權,202206,1960.0,0,0,nan
TFO,賣權,202206,1980.0,0,0,nan
TFO,賣權,202206,2000.0,0,0,nan
TFO,賣權,202206,2040.0,0,0,nan
TFO,賣權,202206,2080.0,0,0,nan
TGO,買權,202204,5400.0,0,0,nan
TGO,買權,202204,5500.0,0,0,nan
TGO,買權,202204,5600.0,0,0,nan
TGO,買權,202204,5700.0,2,0,9999.99
TGO,買權,202204,5800.0,0,0,nan
TGO,買權,202204,5900.0,48,0,9999.99
TGO,買權,202204,6000.0,42,0,9999.99
TGO,買權,202204,6100.0,6,0,9999.99
TGO,買權,202204,6200.0,40,0,9999.99
TGO,買權,202204,6250.0,0,0,nan
TGO,買權,202204,6300.0,38,0,9999.99
TGO,買權,202204,6350.0,4,0,9999.99
TGO,買權,202204,6400.0,14,0,9999.99
TGO,買權,202204,6450.0,26,0,9999.99
TGO,買權,202204,6500.0,22,0,9999.99
TGO,買權,202204,6550.0,12,2,6.0
TGO,買權,202204,6600.0,70,8,8.75
TGO,買權,202204,6650.0,80,30,2.67
TGO,買權,202204,6700.0,102,12,8.5
TGO,買權,202204,6750.0,20,16,1.25
TGO,買權,202204,6800.0,74,19,3.89
TGO,買權,202204,6850.0,18,6,3.0
TGO,買權,202204,6900.0,104,8,13.0
TGO,買權,202204,6950.0,4,6,0.67
TGO,買權,202204,7000.0,24,2,12.0
TGO,買權,202204,7050.0,20,1,20.0
TGO,買權,202204,7100.0,4,0,9999.99
TGO,買權,202204,7150.0,76,3,25.33
TGO,買權,202204,7200.0,4,0,9999.99
TGO,買權,202204,7250.0,0,0,nan
TGO,賣權,202204,5400.0,16,0,9999.99
TGO,賣權,202204,5500.0,32,0,9999.99
TGO,賣權,202204,5600.0,2,0,9999.99
TGO,賣權,202204,5700.0,22,0,9999.99
TGO,賣權,202204,5800.0,20,0,9999.99
TGO,賣權,202204,5900.0,20,0,9999.99
TGO,賣權,202204,6000.0,20,0,9999.99
TGO,賣權,202204,6100.0,4,0,9999.99
TGO,賣權,202204,6200.0,2,0,9999.99
TGO,賣權,202204,6250.0,2,0,9999.99
TGO,賣權,202204,6300.0,26,0,9999.99
TGO,賣權,202204,6350.0,22,0,9999.99
TGO,賣權,202204,6400.0,24,0,9999.99
TGO,賣權,202204,6450.0,20,12,1.67
TGO,賣權,202204,6500.0,50,8,6.25
TGO,賣權,202204,6550.0,2,7,0.29
TGO,賣權,202204,6600.0,10,5,2.0
TGO,賣權,202204,6650.0,16,4,4.0
TGO,賣權,202204,6700.0,6,7,0.86
TGO,賣權,202204,6750.0,0,0,nan
TGO,賣權,202204,6800.0,36,8,4.5
TGO,賣權,202204,6850.0,8,2,4.0
TGO,賣權,202204,6900.0,0,0,nan
TGO,賣權,202204,6950.0,20,0,9999.99
TGO,賣權,202204,7000.0,14,0,9999.99
TGO,賣權,202204,7050.0,20,0,9999.99
TGO,賣權,202204,7100.0,20,0,9999.99
TGO,賣權,202204,7150.0,12,0,9999.99
TGO,賣權,202204,7200.0,0,0,nan
TGO,賣權,202204,7250.0,0,0,nan
TGO,買權,202206,5400.0,0,0,nan
TGO,買權,202206,5500.0,0,0,nan
TGO,買權,202206,5600.0,0,0,nan
TGO,買權,202206,5700.0,0,0,nan
TGO,買權,202206,5800.0,0,0,nan
TGO,買權,202206,5900.0,0,0,nan
TGO,買權,202206,6000.0,0,0,nan
TGO,買權,202206,6100.0,0,0,nan
TGO,買權,202206,6200.0,0,0,nan
TGO,買權,202206,6300.0,0,0,nan
TGO,買權,202206,6400.0,0,0,nan
TGO,買權,202206,6500.0,0,0,nan
TGO,買權,202206,6600.0,8,0,9999.99
TGO,買權,202206,6700.0,16,8,2.0
TGO,買權,202206,6800.0,2,0,9999.99
TGO,買權,202206,6900.0,40,1,40.0
TGO,買權,202206,7000.0,34,0,9999.99
TGO,買權,202206,7100.0,42,0,9999.99
TGO,買權,202206,7200.0,20,0,9999.99
TGO,買權,202206,7300.0,22,0,9999.99
TGO,買權,202206,7400.0,0,0,nan
TGO,買權,202206,7500.0,2,0,9999.99
TGO,賣權,202206,5400.0,0,0,nan
TGO,賣權,202206,5500.0,0,0,nan
TGO,賣權,202206,5600.0,0,0,nan
TGO,賣權,202206,5700.0,2,0,9999.99
TGO,賣權,202206,5800.0,0,0,nan
TGO,賣權,202206,5900.0,20,0,9999.99
TGO,賣權,202206,6000.0,24,1,24.0
TGO,賣權,202206,6100.0,42,0,9999.99
TGO,賣權,202206,6200.0,0,0,nan
TGO,賣權,202206,6300.0,22,0,9999.99
TGO,賣權,202206,6400.0,0,0,nan
TGO,賣權,202206,6500.0,40,0,9999.99
TGO,賣權,202206,6600.0,0,4,0.0
TGO,賣權,202206,6700.0,40,0,9999.99
TGO,賣權,202206,6800.0,20,0,9999.99
TGO,賣權,202206,6900.0,4,1,4.0
TGO,賣權,202206,7000.0,0,0,nan
TGO,賣權,202206,7100.0,20,0,9999.99
TGO,賣權,202206,7200.0,20,0,9999.99
TGO,賣權,202206,7300.0,20,0,9999.99
TGO,賣權,202206,7400.0,22,0,9999.99
TGO,賣權,202206,7500.0,0,0,nan
TGO,買權,202208,5400.0,0,0,nan
TGO,買權,202208,5500.0,0,0,nan
TGO,買權,202208,5600.0,0,0,nan
TGO,買權,202208,5700.0,0,0,nan
TGO,買權,202208,5800.0,0,0,nan
TGO,買權,202208,5900.0,0,0,nan
TGO,買權,202208,6000.0,0,0,nan
TGO,買權,202208,6100.0,0,0,nan
TGO,買權,202208,6200.0,0,0,nan
TGO,買權,202208,6300.0,0,0,nan
TGO,買權,202208,6400.0,0,0,nan
TGO,買權,202208,6500.0,0,0,nan
TGO,買權,202208,6600.0,0,0,nan
TGO,買權,202208,6700.0,0,0,nan
TGO,買權,202208,6800.0,0,0,nan
TGO,買權,202208,6900.0,0,0,nan
TGO,買權,202208,7000.0,0,0,nan
TGO,買權,202208,7100.0,0,0,nan
TGO,買權,202208,7200.0,0,0,nan
TGO,買權,202208,7300.0,0,0,nan
TGO,買權,202208,7400.0,0,0,nan
TGO,買權,202208,7500.0,0,0,nan
TGO,賣權,202208,5400.0,0,0,nan
TGO,賣權,202208,5500.0,0,0,nan
TGO,賣權,202208,5600.0,0,0,nan
TGO,賣權,202208,5700.0,0,0,nan
TGO,賣權,202208,5800.0,0,0,nan
TGO,賣權,202208,5900.0,0,0,nan
TGO,賣權,202208,6000.0,0,0,nan
TGO,賣權,202208,6100.0,0,0,nan
TGO,賣權,202208,6200.0,0,0,nan
TGO,賣權,202208,6300.0,0,0,nan
TGO,賣權,202208,6400.0,0,0,nan
TGO,賣權,202208,6500.0,0,0,nan
TGO,賣權,202208,6600.0,0,0,nan
TGO,賣權,202208,6700.0,0,0,nan
TGO,賣權,202208,6800.0,0,0,nan
TGO,賣權,202208,6900.0,0,0,nan
TGO,賣權,202208,7000.0,0,0,nan
TGO,賣權,202208,7100.0,0,0,nan
TGO,賣權,202208,7200.0,0,0,nan
TGO,賣權,202208,7300.0,0,0,nan
TGO,賣權,202208,7400.0,0,0,nan
TGO,賣權,202208,7500.0,0,0,nan
TGO,買權,202210,5500.0,0,0,nan
TGO,買權,202210,5600.0,0,0,nan
TGO,買權,202210,5700.0,0,0,nan
TGO,買權,202210,5800.0,0,0,nan
TGO,買權,202210,5900.0,0,0,nan
TGO,買權,202210,6000.0,0,0,nan
TGO,買權,202210,6100.0,0,0,nan
TGO,買權,202210,6200.0,0,0,nan
TGO,買權,202210,6300.0,0,0,nan
TGO,買權,202210,6400.0,0,0,nan
TGO,買權,202210,6500.0,0,0,nan
TGO,買權,202210,6600.0,0,0,nan
TGO,買權,202210,6700.0,0,0,nan
TGO,賣權,202210,5500.0,0,0,nan
TGO,賣權,202210,5600.0,0,0,nan
TGO,賣權,202210,5700.0,0,0,nan
TGO,賣權,202210,5800.0,0,0,nan
TGO,賣權,202210,5900.0,0,0,nan
TGO,賣權,202210,6000.0,0,0,nan
TGO,賣權,202210,6100.0,0,0,nan
TGO,賣權,202210,6200.0,0,0,nan
TGO,賣權,202210,6300.0,0,0,nan
TGO,賣權,202210,6400.0,0,0,nan
TGO,賣權,202210,6500.0,0,0,nan
TGO,賣權,202210,6600.0,0,0,nan
TGO,賣權,202210,6700.0,0,0,nan
TXO,買權,202203W4,15200.0,0,0,nan
TXO,買權,202203W4,15300.0,0,0,nan
TXO,買權,202203W4,15400.0,0,0,nan
TXO,買權,202203W4,15500.0,0,0,nan
TXO,買權,202203W4,15600.0,0,0,nan
TXO,買權,202203W4,15700.0,0,0,nan
TXO,買權,202203W4,15800.0,0,0,nan
TXO,買權,202203W4,15900.0,0,0,nan
TXO,買權,202203W4,16000.0,0,0,nan
TXO,買權,202203W4,16100.0,0,0,nan
TXO,買權,202203W4,16200.0,0,0,nan
TXO,買權,202203W4,16300.0,0,0,nan
TXO,買權,202203W4,16400.0,10,9,1.11
TXO,買權,202203W4,16450.0,16,24,0.67
TXO,買權,202203W4,16500.0,42,49,0.86
TXO,買權,202203W4,16550.0,22,21,1.05
TXO,買權,202203W4,16600.0,62,84,0.74
TXO,買權,202203W4,16650.0,86,94,0.91
TXO,買權,202203W4,16700.0,88,251,0.35
TXO,買權,202203W4,16750.0,68,88,0.77
TXO,買權,202203W4,16800.0,594,992,0.6
TXO,買權,202203W4,16850.0,406,628,0.65
TXO,買權,202203W4,16900.0,828,2237,0.37
TXO,買權,202203W4,16950.0,1156,3078,0.38
TXO,買權,202203W4,17000.0,2088,6162,0.34
TXO,買權,202203W4,17050.0,716,3159,0.23
TXO,買權,202203W4,17100.0,1780,7029,0.25
TXO,買權,202203W4,17150.0,1984,5957,0.33
TXO,買權,202203W4,17200.0,2334,11884,0.2
TXO,買權,202203W4,17250.0,2552,7647,0.33
TXO,買權,202203W4,17300.0,3724,16625,0.22
TXO,買權,202203W4,17350.0,3754,15382,0.24
TXO,買權,202203W4,17400.0,8020,29450,0.27
TXO,買權,202203W4,17500.0,9446,43501,0.22
TXO,買權,202203W4,17600.0,11652,38212,0.3
TXO,買權,202203W4,17700.0,16636,45776,0.36
TXO,買權,202203W4,17800.0,15316,32735,0.47
TXO,買權,202203W4,17900.0,11854,14784,0.8
TXO,買權,202203W4,18000.0,7604,9538,0.8
TXO,買權,202203W4,18100.0,3192,4078,0.78
TXO,買權,202203W4,18200.0,5556,4068,1.37
TXO,買權,202203W4,18300.0,1226,776,1.58
TXO,買權,202203W4,18400.0,544,1002,0.54
TXO,買權,202203W4,18500.0,110,55,2.0
TXO,買權,202203W4,18600.0,106,55,1.93
TXO,買權,202203W4,18700.0,150,203,0.74
TXO,賣權,202203W4,15200.0,8296,6976,1.19
TXO,賣權,202203W4,15300.0,1112,1899,0.59
TXO,賣權,202203W4,15400.0,1304,1619,0.81
TXO,賣權,202203W4,15500.0,1420,2171,0.65
TXO,賣權,202203W4,15600.0,1982,3249,0.61
TXO,賣權,202203W4,15700.0,2182,3331,0.66
TXO,賣權,202203W4,15800.0,3238,4304,0.75
TXO,賣權,202203W4,15900.0,5110,6878,0.74
TXO,賣權,202203W4,16000.0,10308,14885,0.69
TXO,賣權,202203W4,16100.0,6788,12935,0.52
TXO,賣權,202203W4,16200.0,4050,11766,0.34
TXO,賣權,202203W4,16300.0,7094,15786,0.45
TXO,賣權,202203W4,16400.0,6338,12443,0.51
TXO,賣權,202203W4,16450.0,3172,5880,0.54
TXO,賣權,202203W4,16500.0,9428,18666,0.51
TXO,賣權,202203W4,16550.0,2838,7246,0.39
TXO,賣權,202203W4,16600.0,9204,15630,0.59
TXO,賣權,202203W4,16650.0,4156,7535,0.55
TXO,賣權,202203W4,16700.0,7750,15993,0.48
TXO,賣權,202203W4,16750.0,3424,9022,0.38
TXO,賣權,202203W4,16800.0,9200,19890,0.46
TXO,賣權,202203W4,16850.0,4710,13826,0.34
TXO,賣權,202203W4,16900.0,7456,17791,0.42
TXO,賣權,202203W4,16950.0,4378,10610,0.41
TXO,賣權,202203W4,17000.0,10110,22087,0.46
TXO,賣權,202203W4,17050.0,3742,8768,0.43
TXO,賣權,202203W4,17100.0,5058,11890,0.43
TXO,賣權,202203W4,17150.0,3456,7290,0.47
TXO,賣權,202203W4,17200.0,5460,12944,0.42
TXO,賣權,202203W4,17250.0,2874,7121,0.4
TXO,賣權,202203W4,17300.0,3490,9486,0.37
TXO,賣權,202203W4,17350.0,3094,6391,0.48
TXO,賣權,202203W4,17400.0,4004,8605,0.47
TXO,賣權,202203W4,17500.0,2086,3872,0.54
TXO,賣權,202203W4,17600.0,948,826,1.15
TXO,賣權,202203W4,17700.0,216,243,0.89
TXO,賣權,202203W4,17800.0,92,119,0.77
TXO,賣權,202203W4,17900.0,124,97,1.28
TXO,賣權,202203W4,18000.0,96,77,1.25
TXO,賣權,202203W4,18100.0,8,4,2.0
TXO,賣權,202203W4,18200.0,0,0,nan
TXO,賣權,202203W4,18300.0,0,20,0.0
TXO,賣權,202203W4,18400.0,0,0,nan
TXO,賣權,202203W4,18500.0,0,0,nan
TXO,賣權,202203W4,18600.0,0,0,nan
TXO,賣權,202203W4,18700.0,0,0,nan
TXO,買權,202204,14300.0,0,0,nan
TXO,買權,202204,14400.0,596,77,7.74
TXO,買權,202204,14500.0,0,0,nan
TXO,買權,202204,14600.0,0,0,nan
TXO,買權,202204,14700.0,0,0,nan
TXO,買權,202204,14800.0,516,85,6.07
TXO,買權,202204,14900.0,20,4,5.0
TXO,買權,202204,15000.0,20,0,9999.99
TXO,買權,202204,15100.0,0,0,nan
TXO,買權,202204,15200.0,192,42,4.57
TXO,買權,202204,15300.0,0,0,nan
TXO,買權,202204,15400.0,0,0,nan
TXO,買權,202204,15500.0,22,1,22.0
TXO,買權,202204,15600.0,0,0,nan
TXO,買權,202204,15700.0,0,0,nan
TXO,買權,202204,15800.0,0,0,nan
TXO,買權,202204,15900.0,20,1,20.0
TXO,買權,202204,16000.0,6,2,3.0
TXO,買權,202204,16100.0,2,1,2.0
TXO,買權,202204,16200.0,10,6,1.67
TXO,買權,202204,16300.0,202,38,5.32
TXO,買權,202204,16400.0,58,22,2.64
TXO,買權,202204,16500.0,1130,117,9.66
TXO,買權,202204,16600.0,1248,131,9.53
TXO,買權,202204,16700.0,2226,296,7.52
TXO,買權,202204,16800.0,2826,599,4.72
TXO,買權,202204,16900.0,3568,1163,3.07
TXO,買權,202204,17000.0,3288,1696,1.94
TXO,買權,202204,17100.0,2146,1004,2.14
TXO,買權,202204,17200.0,3060,1468,2.08
TXO,買權,202204,17300.0,4180,3005,1.39
TXO,買權,202204,17400.0,3344,2365,1.41
TXO,買權,202204,17500.0,3590,2838,1.26
TXO,買權,202204,17600.0,3906,2665,1.47
TXO,買權,202204,17700.0,4434,2644,1.68
TXO,買權,202204,17800.0,6180,3742,1.65
TXO,買權,202204,17900.0,7146,4030,1.77
TXO,買權,202204,18000.0,11642,6903,1.69
TXO,買權,202204,18100.0,6794,3881,1.75
TXO,買權,202204,18200.0,6450,3792,1.7
TXO,買權,202204,18300.0,4776,3203,1.49
TXO,買權,202204,18400.0,3798,2809,1.35
TXO,買權,202204,18500.0,5980,2725,2.19
TXO,買權,202204,18600.0,4892,1664,2.94
TXO,買權,202204,18700.0,4632,985,4.7
TXO,買權,202204,18800.0,3666,921,3.98
TXO,買權,202204,18900.0,2304,559,4.12
TXO,買權,202204,19000.0,2996,809,3.7
TXO,買權,202204,19100.0,1036,220,4.71
TXO,買權,202204,19200.0,616,137,4.5
TXO,買權,202204,19300.0,1048,106,9.89
TXO,買權,202204,19400.0,618,138,4.48
TXO,買權,202204,19500.0,414,90,4.6
TXO,買權,202204,19600.0,428,28,15.29
TXO,買權,202204,19700.0,300,56,5.36
TXO,買權,202204,19800.0,318,32,9.94
TXO,買權,202204,19900.0,218,20,10.9
TXO,買權,202204,20000.0,356,61,5.84
TXO,買權,202204,20100.0,122,6,20.33
TXO,買權,202204,20200.0,462,83,5.57
TXO,買權,202204,20300.0,542,62,8.74
TXO,買權,202204,20400.0,426,84,5.07
TXO,買權,202204,20500.0,414,83,4.99
TXO,買權,202204,20600.0,404,80,5.05
TXO,買權,202204,20700.0,410,82,5.0
TXO,買權,202204,20800.0,414,117,3.54
TXO,買權,202204,20900.0,420,80,5.25
TXO,買權,202204,21000.0,236,73,3.23
TXO,買權,202204,21100.0,9228,859,10.74
TXO,賣權,202204,14300.0,5198,2344,2.22
TXO,賣權,202204,14400.0,1258,484,2.6
TXO,賣權,202204,14500.0,1714,658,2.6
TXO,賣權,202204,14600.0,1808,758,2.39
TXO,賣權,202204,14700.0,524,326,1.61
TXO,賣權,202204,14800.0,838,568,1.48
TXO,賣權,202204,14900.0,1934,630,3.07
TXO,賣權,202204,15000.0,10412,4120,2.53
TXO,賣權,202204,15100.0,1912,733,2.61
TXO,賣權,202204,15200.0,2482,1140,2.18
TXO,賣權,202204,15300.0,1668,1098,1.52
TXO,賣權,202204,15400.0,2554,1220,2.09
TXO,賣權,202204,15500.0,2552,1913,1.33
TXO,賣權,202204,15600.0,1938,1046,1.85
TXO,賣權,202204,15700.0,3004,1085,2.77
TXO,賣權,202204,15800.0,5732,2010,2.85
TXO,賣權,202204,15900.0,2962,1363,2.17
TXO,賣權,202204,16000.0,11220,6132,1.83
TXO,賣權,202204,16100.0,2298,1253,1.83
TXO,賣權,202204,16200.0,3286,1466,2.24
TXO,賣權,202204,16300.0,3734,1863,2.0
TXO,賣權,202204,16400.0,2830,1635,1.73
TXO,賣權,202204,16500.0,4868,2390,2.04
TXO,賣權,202204,16600.0,2594,1432,1.81
TXO,賣權,202204,16700.0,7488,2612,2.87
TXO,賣權,202204,16800.0,7178,2850,2.52
TXO,賣權,202204,16900.0,3894,1776,2.19
TXO,賣權,202204,17000.0,7262,2506,2.9
TXO,賣權,202204,17100.0,2314,1078,2.15
TXO,賣權,202204,17200.0,2676,1269,2.11
TXO,賣權,202204,17300.0,2174,847,2.57
TXO,賣權,202204,17400.0,3766,954,3.95
TXO,賣權,202204,17500.0,3424,510,6.71
TXO,賣權,202204,17600.0,1112,203,5.48
TXO,賣權,202204,17700.0,674,169,3.99
TXO,賣權,202204,17800.0,384,69,5.57
TXO,賣權,202204,17900.0,586,48,12.21
TXO,賣權,202204,18000.0,620,23,26.96
TXO,賣權,202204,18100.0,666,5,133.2
TXO,賣權,202204,18200.0,428,4,107.0
TXO,賣權,202204,18300.0,114,1,114.0
TXO,賣權,202204,18400.0,104,4,26.0
TXO,賣權,202204,18500.0,10,0,9999.99
TXO,賣權,202204,18600.0,26,0,9999.99
TXO,賣權,202204,18700.0,8,0,9999.99
TXO,賣權,202204,18800.0,288,56,5.14
TXO,賣權,202204,18900.0,18,1,18.0
TXO,賣權,202204,19000.0,0,0,nan
TXO,賣權,202204,19100.0,2,0,9999.99
TXO,賣權,202204,19200.0,52,14,3.71
TXO,賣權,202204,19300.0,0,0,nan
TXO,賣權,202204,19400.0,846,151,5.6
TXO,賣權,202204,19500.0,0,0,nan
TXO,賣權,202204,19600.0,0,0,nan
TXO,賣權,202204,19700.0,0,0,nan
TXO,賣權,202204,19800.0,0,0,nan
TXO,賣權,202204,19900.0,0,0,nan
TXO,賣權,202204,20000.0,0,0,nan
TXO,賣權,202204,20100.0,0,0,nan
TXO,賣權,202204,20200.0,0,0,nan
TXO,賣權,202204,20300.0,0,0,nan
TXO,賣權,202204,20400.0,0,0,nan
TXO,賣權,202204,20500.0,0,0,nan
TXO,賣權,202204,20600.0,0,0,nan
TXO,賣權,202204,20700.0,0,0,nan
TXO,賣權,202204,20800.0,0,0,nan
TXO,賣權,202204,20900.0,0,0,nan
TXO,賣權,202204,21000.0,0,0,nan
TXO,賣權,202204,21100.0,0,0,nan
TXO,買權,202205,14300.0,0,0,nan
TXO,買權,202205,14400.0,0,0,nan
TXO,買權,202205,14500.0,0,0,nan
TXO,買權,202205,14600.0,0,0,nan
TXO,買權,202205,14700.0,0,0,nan
TXO,買權,202205,14800.0,0,0,nan
TXO,買權,202205,14900.0,12,0,9999.99
TXO,買權,202205,15000.0,0,0,nan
TXO,買權,202205,15100.0,0,0,nan
TXO,買權,202205,15200.0,0,0,nan
TXO,買權,202205,15300.0,0,0,nan
TXO,買權,202205,15400.0,2,0,9999.99
TXO,買權,202205,15500.0,0,0,nan
TXO,買權,202205,15600.0,0,0,nan
TXO,買權,202205,15700.0,0,0,nan
TXO,買權,202205,15800.0,20,2,10.0
TXO,買權,202205,15900.0,0,0,nan
TXO,買權,202205,16000.0,0,0,nan
TXO,買權,202205,16100.0,0,0,nan
TXO,買權,202205,16200.0,0,0,nan
TXO,買權,202205,16300.0,10,2,5.0
TXO,買權,202205,16400.0,40,8,5.0
TXO,買權,202205,16500.0,66,15,4.4
TXO,買權,202205,16600.0,32,9,3.56
TXO,買權,202205,16700.0,62,16,3.88
TXO,買權,202205,16800.0,118,28,4.21
TXO,買權,202205,16900.0,84,8,10.5
TXO,買權,202205,17000.0,406,75,5.41
TXO,買權,202205,17100.0,380,19,20.0
TXO,買權,202205,17200.0,384,38,10.11
TXO,買權,202205,17300.0,252,35,7.2
TXO,買權,202205,17400.0,140,13,10.77
TXO,買權,202205,17500.0,164,39,4.21
TXO,買權,202205,17600.0,258,19,13.58
TXO,買權,202205,17700.0,214,16,13.38
TXO,買權,202205,17800.0,184,54,3.41
TXO,買權,202205,17900.0,184,49,3.76
TXO,買權,202205,18000.0,348,114,3.05
TXO,買權,202205,18100.0,104,14,7.43
TXO,買權,202205,18200.0,168,53,3.17
TXO,買權,202205,18300.0,136,26,5.23
TXO,買權,202205,18400.0,114,30,3.8
TXO,買權,202205,18500.0,260,101,2.57
TXO,買權,202205,18600.0,232,47,4.94
TXO,買權,202205,18700.0,114,33,3.45
TXO,買權,202205,18800.0,186,52,3.58
TXO,買權,202205,18900.0,108,20,5.4
TXO,買權,202205,19000.0,218,47,4.64
TXO,買權,202205,19100.0,468,50,9.36
TXO,買權,202205,19200.0,208,16,13.0
TXO,買權,202205,19300.0,176,18,9.78
TXO,買權,202205,19400.0,132,34,3.88
TXO,買權,202205,19500.0,136,8,17.0
TXO,買權,202205,19600.0,78,16,4.88
TXO,買權,202205,19700.0,32,4,8.0
TXO,買權,202205,19800.0,20,1,20.0
TXO,買權,202205,19900.0,12,2,6.0
TXO,買權,202205,20000.0,426,26,16.38
TXO,買權,202205,20100.0,414,83,4.99
TXO,買權,202205,20200.0,454,81,5.6
TXO,買權,202205,20300.0,400,80,5.0
TXO,買權,202205,20400.0,406,80,5.08
TXO,買權,202205,20500.0,414,81,5.11
TXO,買權,202205,20600.0,402,80,5.03
TXO,買權,202205,20700.0,400,80,5.0
TXO,買權,202205,20800.0,400,80,5.0
TXO,買權,202205,20900.0,400,80,5.0
TXO,買權,202205,21000.0,1160,42,27.62
TXO,買權,202205,21100.0,428,84,5.1
TXO,賣權,202205,14300.0,580,162,3.58
TXO,賣權,202205,14400.0,2246,457,4.91
TXO,賣權,202205,14500.0,78,23,3.39
TXO,賣權,202205,14600.0,72,22,3.27
TXO,賣權,202205,14700.0,92,16,5.75
TXO,賣權,202205,14800.0,54,20,2.7
TXO,賣權,202205,14900.0,184,18,10.22
TXO,賣權,202205,15000.0,752,360,2.09
TXO,賣權,202205,15100.0,54,7,7.71
TXO,賣權,202205,15200.0,120,18,6.67
TXO,賣權,202205,15300.0,152,28,5.43
TXO,賣權,202205,15400.0,310,65,4.77
TXO,賣權,202205,15500.0,588,113,5.2
TXO,賣權,202205,15600.0,54,4,13.5
TXO,賣權,202205,15700.0,84,10,8.4
TXO,賣權,202205,15800.0,24,5,4.8
TXO,賣權,202205,15900.0,118,12,9.83
TXO,賣權,202205,16000.0,344,68,5.06
TXO,賣權,202205,16100.0,20,6,3.33
TXO,賣權,202205,16200.0,44,2,22.0
TXO,賣權,202205,16300.0,22,11,2.0
TXO,賣權,202205,16400.0,60,26,2.31
TXO,賣權,202205,16500.0,980,186,5.27
TXO,賣權,202205,16600.0,648,133,4.87
TXO,賣權,202205,16700.0,1298,28,46.36
TXO,賣權,202205,16800.0,544,76,7.16
TXO,賣權,202205,16900.0,518,60,8.63
TXO,賣權,202205,17000.0,348,29,12.0
TXO,賣權,202205,17100.0,340,20,17.0
TXO,賣權,202205,17200.0,350,22,15.91
TXO,賣權,202205,17300.0,280,12,23.33
TXO,賣權,202205,17400.0,94,12,7.83
TXO,賣權,202205,17500.0,120,2,60.0
TXO,賣權,202205,17600.0,468,20,23.4
TXO,賣權,202205,17700.0,366,2,183.0
TXO,賣權,202205,17800.0,276,18,15.33
TXO,賣權,202205,17900.0,180,1,180.0
TXO,賣權,202205,18000.0,46,0,9999.99
TXO,賣權,202205,18100.0,40,0,9999.99
TXO,賣權,202205,18200.0,42,0,9999.99
TXO,賣權,202205,18300.0,6,2,3.0
TXO,賣權,202205,18400.0,22,0,9999.99
TXO,賣權,202205,18500.0,20,0,9999.99
TXO,賣權,202205,18600.0,0,0,nan
TXO,賣權,202205,18700.0,0,0,nan
TXO,賣權,202205,18800.0,2,0,9999.99
TXO,賣權,202205,18900.0,0,0,nan
TXO,賣權,202205,19000.0,0,0,nan
TXO,賣權,202205,19100.0,0,0,nan
TXO,賣權,202205,19200.0,0,0,nan
TXO,賣權,202205,19300.0,0,0,nan
TXO,賣權,202205,19400.0,0,0,nan
TXO,賣權,202205,19500.0,0,0,nan
TXO,賣權,202205,19600.0,0,0,nan
TXO,賣權,202205,19700.0,0,0,nan
TXO,賣權,202205,19800.0,0,0,nan
TXO,賣權,202205,19900.0,0,0,nan
TXO,賣權,202205,20000.0,0,0,nan
TXO,賣權,202205,20100.0,0,0,nan
TXO,賣權,202205,20200.0,0,0,nan
TXO,賣權,202205,20300.0,0,0,nan
TXO,賣權,202205,20400.0,0,0,nan
TXO,賣權,202205,20500.0,0,0,nan
TXO,賣權,202205,20600.0,0,0,nan
TXO,賣權,202205,20700.0,0,0,nan
TXO,賣權,202205,20800.0,0,0,nan
TXO,賣權,202205,20900.0,0,0,nan
TXO,賣權,202205,21000.0,0,0,nan
TXO,賣權,202205,21100.0,0,0,nan
TXO,買權,202206,13000.0,4,0,9999.99
TXO,買權,202206,13200.0,0,0,nan
TXO,買權,202206,13400.0,4,0,9999.99
TXO,買權,202206,13600.0,4,0,9999.99
TXO,買權,202206,13800.0,2,0,9999.99
TXO,買權,202206,14000.0,10,1,10.0
TXO,買權,202206,14200.0,0,0,nan
TXO,買權,202206,14300.0,0,0,nan
TXO,買權,202206,14400.0,0,0,nan
TXO,買權,202206,14500.0,0,0,nan
TXO,買權,202206,14600.0,0,0,nan
TXO,買權,202206,14700.0,0,0,nan
TXO,買權,202206,14800.0,12,0,9999.99
TXO,買權,202206,14900.0,0,0,nan
TXO,買權,202206,15000.0,0,0,nan
TXO,買權,202206,15100.0,0,0,nan
TXO,買權,202206,15200.0,2,0,9999.99
TXO,買權,202206,15300.0,0,0,nan
TXO,買權,202206,15400.0,2,0,9999.99
TXO,買權,202206,15500.0,0,0,nan
TXO,買權,202206,15600.0,0,0,nan
TXO,買權,202206,15700.0,0,0,nan
TXO,買權,202206,15800.0,0,0,nan
TXO,買權,202206,15900.0,0,0,nan
TXO,買權,202206,16000.0,4,0,9999.99
TXO,買權,202206,16100.0,0,0,nan
TXO,買權,202206,16200.0,4,0,9999.99
TXO,買權,202206,16300.0,0,0,nan
TXO,買權,202206,16400.0,10,0,9999.99
TXO,買權,202206,16500.0,0,0,nan
TXO,買權,202206,16600.0,24,0,9999.99
TXO,買權,202206,16700.0,0,0,nan
TXO,買權,202206,16800.0,66,3,22.0
TXO,買權,202206,16900.0,0,0,nan
TXO,買權,202206,17000.0,220,2,110.0
TXO,買權,202206,17100.0,0,0,nan
TXO,買權,202206,17200.0,264,2,132.0
TXO,買權,202206,17300.0,2,2,1.0
TXO,買權,202206,17400.0,402,8,50.25
TXO,買權,202206,17500.0,0,0,nan
TXO,買權,202206,17600.0,338,2,169.0
TXO,買權,202206,17700.0,0,0,nan
TXO,買權,202206,17800.0,292,12,24.33
TXO,買權,202206,17900.0,0,0,nan
TXO,買權,202206,18000.0,368,18,20.44
TXO,買權,202206,18100.0,4,4,1.0
TXO,買權,202206,18200.0,380,24,15.83
TXO,買權,202206,18300.0,2,2,1.0
TXO,買權,202206,18400.0,108,15,7.2
TXO,買權,202206,18500.0,18,18,1.0
TXO,買權,202206,18600.0,266,34,7.82
TXO,買權,202206,18700.0,0,0,nan
TXO,買權,202206,18800.0,414,49,8.45
TXO,買權,202206,18900.0,6,8,0.75
TXO,買權,202206,19000.0,470,25,18.8
TXO,買權,202206,19100.0,0,0,nan
TXO,買權,202206,19200.0,464,57,8.14
TXO,買權,202206,19300.0,0,0,nan
TXO,買權,202206,19400.0,370,61,6.07
TXO,買權,202206,19500.0,8,8,1.0
TXO,買權,202206,19600.0,608,101,6.02
TXO,買權,202206,19800.0,432,57,7.58
TXO,買權,202206,20000.0,1356,254,5.34
TXO,買權,202206,20200.0,1264,179,7.06
TXO,買權,202206,20400.0,986,155,6.36
TXO,買權,202206,20600.0,978,106,9.23
TXO,買權,202206,20800.0,962,89,10.81
TXO,買權,202206,21000.0,1620,2,810.0
TXO,買權,202206,21200.0,2190,0,9999.99
TXO,買權,202206,21400.0,1006,0,9999.99
TXO,買權,202206,21600.0,868,2,434.0
TXO,買權,202206,21800.0,804,160,5.03
TXO,買權,202206,22000.0,464,82,5.66
TXO,買權,202206,22200.0,804,160,5.03
TXO,買權,202206,22400.0,940,193,4.87
TXO,賣權,202206,13000.0,4850,387,12.53
TXO,賣權,202206,13200.0,3686,68,54.21
TXO,賣權,202206,13400.0,1154,80,14.43
TXO,賣權,202206,13600.0,2958,249,11.88
TXO,賣權,202206,13800.0,384,4,96.0
TXO,賣權,202206,14000.0,266,24,11.08
TXO,賣權,202206,14200.0,768,13,59.08
TXO,賣權,202206,14300.0,0,0,nan
TXO,賣權,202206,14400.0,538,4,134.5
TXO,賣權,202206,14500.0,0,0,nan
TXO,賣權,202206,14600.0,292,8,36.5
TXO,賣權,202206,14700.0,0,0,nan
TXO,賣權,202206,14800.0,1050,11,95.45
TXO,賣權,202206,14900.0,0,0,nan
TXO,賣權,202206,15000.0,1126,47,23.96
TXO,賣權,202206,15100.0,8,8,1.0
TXO,賣權,202206,15200.0,310,3,103.33
TXO,賣權,202206,15300.0,0,0,nan
TXO,賣權,202206,15400.0,52,2,26.0
TXO,賣權,202206,15500.0,4,4,1.0
TXO,賣權,202206,15600.0,222,3,74.0
TXO,賣權,202206,15700.0,0,0,nan
TXO,賣權,202206,15800.0,562,92,6.11
TXO,賣權,202206,15900.0,0,0,nan
TXO,賣權,202206,16000.0,692,154,4.49
TXO,賣權,202206,16100.0,0,0,nan
TXO,賣權,202206,16200.0,386,113,3.42
TXO,賣權,202206,16300.0,2,2,1.0
TXO,賣權,202206,16400.0,532,126,4.22
TXO,賣權,202206,16500.0,0,0,nan
TXO,賣權,202206,16600.0,236,6,39.33
TXO,賣權,202206,16700.0,0,0,nan
TXO,賣權,202206,16800.0,302,3,100.67
TXO,賣權,202206,16900.0,0,0,nan
TXO,賣權,202206,17000.0,414,6,69.0
TXO,賣權,202206,17100.0,0,0,nan
TXO,賣權,202206,17200.0,660,10,66.0
TXO,賣權,202206,17300.0,0,0,nan
TXO,賣權,202206,17400.0,380,4,95.0
TXO,賣權,202206,17500.0,0,0,nan
TXO,賣權,202206,17600.0,1136,0,9999.99
TXO,賣權,202206,17700.0,0,0,nan
TXO,賣權,202206,17800.0,304,1,304.0
TXO,賣權,202206,17900.0,0,0,nan
TXO,賣權,202206,18000.0,272,3,90.67
TXO,賣權,202206,18100.0,0,0,nan
TXO,賣權,202206,18200.0,168,0,9999.99
TXO,賣權,202206,18300.0,0,0,nan
TXO,賣權,202206,18400.0,78,1,78.0
TXO,賣權,202206,18500.0,0,0,nan
TXO,賣權,202206,18600.0,24,0,9999.99
TXO,賣權,202206,18700.0,0,0,nan
TXO,賣權,202206,18800.0,2,0,9999.99
TXO,賣權,202206,18900.0,0,0,nan
TXO,賣權,202206,19000.0,28,1,28.0
TXO,賣權,202206,19100.0,0,0,nan
TXO,賣權,202206,19200.0,12,0,9999.99
TXO,賣權,202206,19300.0,0,0,nan
TXO,賣權,202206,19400.0,0,0,nan
TXO,賣權,202206,19500.0,0,0,nan
TXO,賣權,202206,19600.0,0,0,nan
TXO,賣權,202206,19800.0,0,0,nan
TXO,賣權,202206,20000.0,0,0,nan
TXO,賣權,202206,20200.0,0,0,nan
TXO,賣權,202206,20400.0,0,0,nan
TXO,賣權,202206,20600.0,0,0,nan
TXO,賣權,202206,20800.0,0,0,nan
TXO,賣權,202206,21000.0,0,0,nan
TXO,賣權,202206,21200.0,0,0,nan
TXO,賣權,202206,21400.0,0,0,nan
TXO,賣權,202206,21600.0,0,0,nan
TXO,賣權,202206,21800.0,0,0,nan
TXO,賣權,202206,22000.0,0,0,nan
TXO,賣權,202206,22200.0,0,0,nan
TXO,賣權,202206,22400.0,0,0,nan
TXO,買權,202209,13400.0,0,0,nan
TXO,買權,202209,13600.0,0,0,nan
TXO,買權,202209,13800.0,0,0,nan
TXO,買權,202209,14000.0,18,0,9999.99
TXO,買權,202209,14200.0,0,0,nan
TXO,買權,202209,14400.0,0,0,nan
TXO,買權,202209,14600.0,0,0,nan
TXO,買權,202209,14800.0,0,0,nan
TXO,買權,202209,15000.0,0,0,nan
TXO,買權,202209,15200.0,2,0,9999.99
TXO,買權,202209,15400.0,2,0,9999.99
TXO,買權,202209,15600.0,20,1,20.0
TXO,買權,202209,15800.0,0,0,nan
TXO,買權,202209,16000.0,706,0,9999.99
TXO,買權,202209,16200.0,42,0,9999.99
TXO,買權,202209,16400.0,140,0,9999.99
TXO,買權,202209,16600.0,86,0,9999.99
TXO,買權,202209,16800.0,124,11,11.27
TXO,買權,202209,17000.0,204,2,102.0
TXO,買權,202209,17200.0,120,1,120.0
TXO,買權,202209,17400.0,186,7,26.57
TXO,買權,202209,17600.0,170,1,170.0
TXO,買權,202209,17800.0,54,1,54.0
TXO,買權,202209,18000.0,230,14,16.43
TXO,買權,202209,18200.0,452,6,75.33
TXO,買權,202209,18400.0,140,1,140.0
TXO,買權,202209,18600.0,132,2,66.0
TXO,買權,202209,18800.0,222,1,222.0
TXO,買權,202209,19000.0,186,1,186.0
TXO,買權,202209,19200.0,158,3,52.67
TXO,買權,202209,19400.0,118,3,39.33
TXO,買權,202209,19600.0,32,2,16.0
TXO,買權,202209,19800.0,46,5,9.2
TXO,買權,202209,20000.0,124,9,13.78
TXO,買權,202209,20200.0,108,0,9999.99
TXO,買權,202209,20400.0,46,5,9.2
TXO,買權,202209,20600.0,212,0,9999.99
TXO,買權,202209,20800.0,550,0,9999.99
TXO,買權,202209,21000.0,736,18,40.89
TXO,買權,202209,21200.0,502,1,502.0
TXO,買權,202209,21400.0,848,162,5.23
TXO,買權,202209,21600.0,804,160,5.03
TXO,買權,202209,21800.0,858,160,5.36
TXO,買權,202209,22000.0,986,161,6.12
TXO,買權,202209,22200.0,802,161,4.98
TXO,買權,202209,22400.0,612,93,6.58
TXO,賣權,202209,13400.0,140,28,5.0
TXO,賣權,202209,13600.0,24,4,6.0
TXO,賣權,202209,13800.0,2,0,9999.99
TXO,賣權,202209,14000.0,1752,17,103.06
TXO,賣權,202209,14200.0,568,0,9999.99
TXO,賣權,202209,14400.0,594,1,594.0
TXO,賣權,202209,14600.0,8,1,8.0
TXO,賣權,202209,14800.0,234,1,234.0
TXO,賣權,202209,15000.0,82,2,41.0
TXO,賣權,202209,15200.0,378,89,4.25
TXO,賣權,202209,15400.0,28,4,7.0
TXO,賣權,202209,15600.0,48,4,12.0
TXO,賣權,202209,15800.0,170,2,85.0
TXO,賣權,202209,16000.0,158,1,158.0
TXO,賣權,202209,16200.0,122,1,122.0
TXO,賣權,202209,16400.0,148,5,29.6
TXO,賣權,202209,16600.0,78,5,15.6
TXO,賣權,202209,16800.0,48,7,6.86
TXO,賣權,202209,17000.0,144,7,20.57
TXO,賣權,202209,17200.0,72,0,9999.99
TXO,賣權,202209,17400.0,108,0,9999.99
TXO,賣權,202209,17600.0,72,0,9999.99
TXO,賣權,202209,17800.0,542,0,9999.99
TXO,賣權,202209,18000.0,424,0,9999.99
TXO,賣權,202209,18200.0,618,1,618.0
TXO,賣權,202209,18400.0,394,0,9999.99
TXO,賣權,202209,18600.0,24,0,9999.99
TXO,賣權,202209,18800.0,0,0,nan
TXO,賣權,202209,19000.0,0,0,nan
TXO,賣權,202209,19200.0,0,0,nan
TXO,賣權,202209,19400.0,0,0,nan
TXO,賣權,202209,19600.0,760,2,380.0
TXO,賣權,202209,19800.0,0,0,nan
TXO,賣權,202209,20000.0,0,0,nan
TXO,賣權,202209,20200.0,0,0,nan
TXO,賣權,202209,20400.0,0,0,nan
TXO,賣權,202209,20600.0,0,0,nan
TXO,賣權,202209,20800.0,0,0,nan
TXO,賣權,202209,21000.0,0,0,nan
TXO,賣權,202209,21200.0,0,0,nan
TXO,賣權,202209,21400.0,0,0,nan
TXO,賣權,202209,21600.0,0,0,nan
TXO,賣權,202209,21800.0,0,0,nan
TXO,賣權,202209,22000.0,0,0,nan
TXO,賣權,202209,22200.0,0,0,nan
TXO,賣權,202209,22400.0,0,0,nan
TXO,買權,202212,13400.0,0,0,nan
TXO,買權,202212,13600.0,0,0,nan
TXO,買權,202212,13800.0,0,0,nan
TXO,買權,202212,14000.0,0,0,nan
TXO,買權,202212,14200.0,0,0,nan
TXO,買權,202212,14400.0,0,0,nan
TXO,買權,202212,14600.0,0,0,nan
TXO,買權,202212,14800.0,0,0,nan
TXO,買權,202212,15000.0,0,0,nan
TXO,買權,202212,15200.0,0,0,nan
TXO,買權,202212,15400.0,0,0,nan
TXO,買權,202212,15600.0,0,0,nan
TXO,買權,202212,15800.0,0,0,nan
TXO,買權,202212,16000.0,0,0,nan
TXO,買權,202212,16200.0,0,0,nan
TXO,買權,202212,16400.0,0,0,nan
TXO,買權,202212,16600.0,2,2,1.0
TXO,買權,202212,16800.0,42,42,1.0
TXO,買權,202212,17000.0,4,4,1.0
TXO,買權,202212,17200.0,0,0,nan
TXO,買權,202212,17400.0,42,42,1.0
TXO,買權,202212,17600.0,0,0,nan
TXO,買權,202212,17800.0,0,0,nan
TXO,買權,202212,18000.0,0,0,nan
TXO,買權,202212,18200.0,0,0,nan
TXO,買權,202212,18400.0,0,0,nan
TXO,買權,202212,18600.0,2,2,1.0
TXO,買權,202212,18800.0,0,0,nan
TXO,買權,202212,19000.0,0,0,nan
TXO,買權,202212,19200.0,0,0,nan
TXO,買權,202212,19400.0,0,0,nan
TXO,買權,202212,19600.0,0,0,nan
TXO,買權,202212,19800.0,0,0,nan
TXO,買權,202212,20000.0,18,18,1.0
TXO,買權,202212,20200.0,34,34,1.0
TXO,買權,202212,20400.0,32,32,1.0
TXO,賣權,202212,13400.0,52,52,1.0
TXO,賣權,202212,13600.0,4,4,1.0
TXO,賣權,202212,13800.0,0,0,nan
TXO,賣權,202212,14000.0,0,0,nan
TXO,賣權,202212,14200.0,0,0,nan
TXO,賣權,202212,14400.0,0,0,nan
TXO,賣權,202212,14600.0,0,0,nan
TXO,賣權,202212,14800.0,12,12,1.0
TXO,賣權,202212,15000.0,0,0,nan
TXO,賣權,202212,15200.0,2,2,1.0
TXO,賣權,202212,15400.0,10,10,1.0
TXO,賣權,202212,15600.0,10,10,1.0
TXO,賣權,202212,15800.0,0,0,nan
TXO,賣權,202212,16000.0,34,34,1.0
TXO,賣權,202212,16200.0,2,2,1.0
TXO,賣權,202212,16400.0,2,2,1.0
TXO,賣權,202212,16600.0,0,0,nan
TXO,賣權,202212,16800.0,0,0,nan
TXO,賣權,202212,17000.0,0,0,nan
TXO,賣權,202212,17200.0,2,2,1.0
TXO,賣權,202212,17400.0,180,180,1.0
TXO,賣權,202212,17600.0,0,0,nan
TXO,賣權,202212,17800.0,0,0,nan
TXO,賣權,202212,18000.0,0,0,nan
TXO,賣權,202212,18200.0,0,0,nan
TXO,賣權,202212,18400.0,60,60,1.0
TXO,賣權,202212,18600.0,0,0,nan
TXO,賣權,202212,18800.0,0,0,nan
TXO,賣權,202212,19000.0,0,0,nan
TXO,賣權,202212,19200.0,0,0,nan
TXO,賣權,202212,19400.0,0,0,nan
TXO,賣權,202212,19600.0,0,0,nan
TXO,賣權,202212,19800.0,0,0,nan
TXO,賣權,202212,20000.0,0,0,nan
TXO,賣權,202212,20200.0,0,0,nan
TXO,賣權,202212,20400.0,0,0,nan
